t # 0
v 0 2
v 1 2
v 2 2
v 3 2
v 4 2
v 5 2
v 6 2
v 7 2
v 8 2
v 9 2
v 10 2
v 11 2
v 12 2
v 13 2
v 14 2
v 15 2
v 16 2
v 17 2
v 18 2
v 19 2
v 20 5
v 21 6
v 22 6
e 0 13 2 0
e 0 1 2 1
e 1 2 2 2
e 2 11 2 3
e 2 3 2 4
e 3 4 2 5
e 4 5 2 6
e 5 6 2 7
e 5 10 2 8
e 6 7 2 9
e 6 20 5 10
e 7 8 2 11
e 8 9 2 12
e 9 15 2 13
e 9 10 2 14
e 10 11 2 15
e 11 12 2 16
e 12 13 2 17
e 12 14 2 18
e 14 19 2 19
e 14 15 2 20
e 15 16 2 21
e 16 17 2 22
e 17 18 2 23
e 18 19 2 24
e 20 22 9 25
e 20 21 9 26
t # 1
v 0 2
v 1 2
v 2 2
v 3 2
v 4 2
v 5 2
v 6 2
v 7 6
v 8 2
v 9 2
v 10 2
v 11 2
v 12 2
v 13 2
v 14 5
v 15 6
v 16 6
v 17 5
v 18 6
v 19 6
v 20 5
v 21 6
v 22 6
v 23 5
v 24 6
v 25 6
e 0 5 2 0
e 0 1 2 1
e 1 23 5 2
e 1 2 2 3
e 2 3 2 4
e 3 20 5 5
e 3 4 2 6
e 4 5 2 7
e 4 9 2 8
e 5 6 2 9
e 6 8 2 10
e 6 7 6 11
e 8 13 2 12
e 8 9 2 13
e 9 10 2 14
e 10 11 2 15
e 10 17 5 16
e 11 12 2 17
e 12 13 2 18
e 12 14 5 19
e 14 15 9 20
e 14 16 9 21
e 17 19 9 22
e 17 18 9 23
e 20 22 9 24
e 20 21 9 25
e 23 25 9 26
e 23 24 9 27
t # 2
v 0 2
v 1 2
v 2 2
v 3 2
v 4 2
v 5 2
v 6 2
v 7 2
v 8 2
v 9 2
v 10 2
v 11 2
v 12 2
v 13 2
v 14 2
v 15 2
v 16 5
v 17 6
v 18 6
e 0 13 2 0
e 0 1 2 1
e 1 2 2 2
e 2 11 2 3
e 2 3 2 4
e 3 4 2 5
e 4 5 2 6
e 5 6 2 7
e 5 10 2 8
e 6 7 2 9
e 7 8 2 10
e 7 16 5 11
e 8 9 2 12
e 9 15 2 13
e 9 10 2 14
e 10 11 2 15
e 11 12 2 16
e 12 13 2 17
e 12 14 2 18
e 14 15 2 19
e 16 17 9 20
e 16 18 9 21
t # 3
v 0 2
v 1 2
v 2 2
v 3 2
v 4 2
v 5 2
v 6 2
v 7 2
v 8 2
v 9 2
v 10 2
v 11 2
v 12 2
v 13 2
v 14 2
v 15 2
v 16 2
v 17 2
v 18 2
v 19 2
v 20 5
v 21 6
v 22 6
e 0 13 2 0
e 0 1 2 1
e 1 2 2 2
e 2 11 2 3
e 2 3 2 4
e 3 4 2 5
e 4 5 2 6
e 5 6 2 7
e 5 10 2 8
e 6 7 2 9
e 7 8 2 10
e 8 20 5 11
e 8 9 2 12
e 9 15 2 13
e 9 10 2 14
e 10 11 2 15
e 11 12 2 16
e 12 13 2 17
e 12 14 2 18
e 14 19 2 19
e 14 15 2 20
e 15 16 2 21
e 16 17 2 22
e 17 18 2 23
e 18 19 2 24
e 20 22 9 25
e 20 21 9 26
t # 4
v 0 2
v 1 2
v 2 2
v 3 2
v 4 2
v 5 2
v 6 2
v 7 2
v 8 2
v 9 5
v 10 2
v 11 2
v 12 5
v 13 2
v 14 5
v 15 6
v 16 6
e 0 13 2 0
e 0 1 2 1
e 1 2 2 2
e 2 11 2 3
e 2 3 2 4
e 3 4 2 5
e 4 5 2 6
e 4 14 5 7
e 5 6 2 8
e 5 10 2 9
e 6 7 2 10
e 7 8 2 11
e 8 9 5 12
e 9 10 7 13
e 10 11 2 14
e 11 12 5 15
e 12 13 7 16
e 14 15 9 17
e 14 16 9 18
t # 5
v 0 2
v 1 2
v 2 2
v 3 2
v 4 2
v 5 2
v 6 2
v 7 2
v 8 2
v 9 2
v 10 2
v 11 2
v 12 2
v 13 2
v 14 2
v 15 2
v 16 6
v 17 5
v 18 6
v 19 6
e 0 13 2 0
e 0 1 2 1
e 1 2 2 2
e 2 11 2 3
e 2 3 2 4
e 3 4 2 5
e 4 5 2 6
e 5 6 2 7
e 5 10 2 8
e 6 7 2 9
e 7 8 2 10
e 8 17 5 11
e 8 9 2 12
e 9 15 2 13
e 9 10 2 14
e 10 11 2 15
e 11 12 2 16
e 12 13 2 17
e 12 14 2 18
e 14 15 2 19
e 15 16 6 20
e 17 19 9 21
e 17 18 9 22
t # 6
v 0 2
v 1 2
v 2 2
v 3 2
v 4 2
v 5 2
v 6 2
v 7 2
v 8 2
v 9 2
v 10 2
v 11 2
v 12 2
v 13 2
v 14 2
v 15 2
v 16 5
v 17 6
v 18 6
v 19 5
v 20 6
v 21 6
v 22 5
v 23 6
v 24 6
e 0 5 2 0
e 0 1 2 1
e 1 2 2 2
e 2 3 2 3
e 3 12 2 4
e 3 4 2 5
e 4 5 2 6
e 4 6 2 7
e 6 11 2 8
e 6 7 2 9
e 7 8 2 10
e 8 22 5 11
e 8 9 2 12
e 9 10 2 13
e 10 11 2 14
e 10 15 2 15
e 11 12 2 16
e 12 13 2 17
e 13 14 2 18
e 14 19 5 19
e 14 15 2 20
e 15 16 5 21
e 16 17 9 22
e 16 18 9 23
e 19 20 9 24
e 19 21 9 25
e 22 23 9 26
e 22 24 9 27
t # 7
v 0 2
v 1 2
v 2 2
v 3 2
v 4 2
v 5 2
v 6 2
v 7 2
v 8 2
v 9 2
v 10 2
v 11 2
v 12 2
v 13 2
v 14 2
v 15 2
v 16 5
v 17 6
v 18 6
e 0 5 2 0
e 0 1 2 1
e 1 2 2 2
e 2 3 2 3
e 3 12 2 4
e 3 4 2 5
e 4 5 2 6
e 4 6 2 7
e 6 11 2 8
e 6 7 2 9
e 7 8 2 10
e 8 9 2 11
e 9 10 2 12
e 10 11 2 13
e 10 15 2 14
e 11 12 2 15
e 12 13 2 16
e 13 14 2 17
e 14 15 2 18
e 15 16 5 19
e 16 17 9 20
e 16 18 9 21
t # 8
v 0 2
v 1 2
v 2 2
v 3 2
v 4 2
v 5 2
v 6 2
v 7 2
v 8 2
v 9 2
v 10 2
v 11 2
v 12 2
v 13 2
v 14 2
v 15 2
v 16 2
v 17 2
v 18 2
v 19 2
v 20 2
v 21 2
v 22 5
v 23 6
v 24 6
v 25 5
v 26 6
v 27 6
e 0 13 2 0
e 0 1 2 1
e 1 2 2 2
e 2 11 2 3
e 2 3 2 4
e 3 4 2 5
e 4 5 2 6
e 5 6 2 7
e 5 10 2 8
e 6 25 5 9
e 6 7 2 10
e 7 8 2 11
e 8 9 2 12
e 9 18 2 13
e 9 10 2 14
e 10 11 2 15
e 11 12 2 16
e 12 13 2 17
e 12 17 2 18
e 13 14 2 19
e 14 15 2 20
e 15 16 2 21
e 16 17 2 22
e 16 21 2 23
e 17 18 2 24
e 18 19 2 25
e 19 20 2 26
e 20 21 2 27
e 21 22 5 28
e 22 23 9 29
e 22 24 9 30
e 25 27 9 31
e 25 26 9 32
t # 9
v 0 2
v 1 2
v 2 2
v 3 2
v 4 2
v 5 2
v 6 2
v 7 2
v 8 2
v 9 2
v 10 2
v 11 2
v 12 2
v 13 2
v 14 5
v 15 6
v 16 6
e 0 1 2 0
e 1 2 2 1
e 1 6 2 2
e 2 3 2 3
e 3 4 2 4
e 4 5 2 5
e 4 9 2 6
e 5 6 2 7
e 5 7 2 8
e 7 8 2 9
e 8 13 2 10
e 8 9 2 11
e 9 10 2 12
e 10 11 2 13
e 11 12 2 14
e 12 13 2 15
e 12 14 5 16
e 14 15 9 17
e 14 16 9 18
t # 10
v 0 2
v 1 2
v 2 2
v 3 2
v 4 2
v 5 2
v 6 2
v 7 2
v 8 2
v 9 2
v 10 2
v 11 2
v 12 5
v 13 6
v 14 6
e 0 1 2 0
e 0 9 2 1
e 1 2 2 2
e 2 7 2 3
e 2 3 2 4
e 3 4 2 5
e 4 5 2 6
e 5 12 5 7
e 5 6 2 8
e 6 11 2 9
e 6 7 2 10
e 7 8 2 11
e 8 10 2 12
e 8 9 2 13
e 10 11 2 14
e 12 13 9 15
e 12 14 9 16
t # 11
v 0 2
v 1 2
v 2 2
v 3 2
v 4 2
v 5 2
v 6 5
v 7 6
v 8 6
v 9 2
v 10 2
v 11 2
e 0 5 2 0
e 0 1 2 1
e 1 2 2 2
e 2 11 2 3
e 2 3 2 4
e 3 9 2 5
e 3 4 2 6
e 4 5 2 7
e 5 6 5 8
e 6 8 9 9
e 6 7 9 10
e 9 10 2 11
e 10 11 2 12
t # 12
v 0 2
v 1 2
v 2 2
v 3 2
v 4 2
v 5 2
v 6 5
v 7 6
v 8 6
v 9 2
v 10 2
v 11 2
v 12 2
v 13 2
v 14 2
v 15 5
v 16 6
v 17 6
v 18 5
v 19 6
v 20 6
e 0 5 2 0
e 0 1 2 1
e 1 2 2 2
e 2 3 2 3
e 2 9 2 4
e 3 4 2 5
e 4 5 2 6
e 4 6 5 7
e 6 8 9 8
e 6 7 9 9
e 9 14 2 10
e 9 10 2 11
e 10 11 2 12
e 11 12 2 13
e 12 13 2 14
e 12 18 5 15
e 13 14 2 16
e 14 15 5 17
e 15 17 9 18
e 15 16 9 19
e 18 19 9 20
e 18 20 9 21
t # 13
v 0 2
v 1 2
v 2 2
v 3 2
v 4 2
v 5 2
v 6 2
v 7 2
v 8 2
v 9 2
v 10 2
v 11 2
v 12 2
v 13 2
v 14 2
v 15 2
v 16 5
v 17 6
v 18 6
v 19 2
v 20 2
v 21 2
v 22 2
e 0 1 2 0
e 0 9 2 1
e 1 2 2 2
e 2 7 2 3
e 2 3 2 4
e 3 22 2 5
e 3 4 2 6
e 4 19 2 7
e 4 5 2 8
e 5 6 2 9
e 6 15 2 10
e 6 7 2 11
e 7 8 2 12
e 8 13 2 13
e 8 9 2 14
e 9 10 2 15
e 10 11 2 16
e 11 12 2 17
e 12 13 2 18
e 12 16 5 19
e 13 14 2 20
e 14 15 2 21
e 16 17 9 22
e 16 18 9 23
e 19 20 2 24
e 20 21 2 25
e 21 22 2 26
t # 14
v 0 2
v 1 2
v 2 2
v 3 2
v 4 2
v 5 2
v 6 2
v 7 2
v 8 2
v 9 2
v 10 2
v 11 2
v 12 2
v 13 2
v 14 5
v 15 6
v 16 6
e 0 5 2 0
e 0 1 2 1
e 1 2 2 2
e 2 3 2 3
e 3 9 2 4
e 3 4 2 5
e 4 5 2 6
e 4 6 2 7
e 6 7 2 8
e 7 8 2 9
e 7 14 5 10
e 8 13 2 11
e 8 9 2 12
e 9 10 2 13
e 10 11 2 14
e 11 12 2 15
e 12 13 2 16
e 14 16 9 17
e 14 15 9 18
t # 15
v 0 2
v 1 2
v 2 2
v 3 2
v 4 2
v 5 2
v 6 2
v 7 2
v 8 2
v 9 2
v 10 2
v 11 2
v 12 2
v 13 2
v 14 2
v 15 2
v 16 5
v 17 6
v 18 6
v 19 5
v 20 6
v 21 6
v 22 5
v 23 6
v 24 6
e 0 5 2 0
e 0 1 2 1
e 1 2 2 2
e 2 3 2 3
e 3 12 2 4
e 3 4 2 5
e 4 5 2 6
e 4 6 2 7
e 6 11 2 8
e 6 7 2 9
e 7 8 2 10
e 8 22 5 11
e 8 9 2 12
e 9 10 2 13
e 10 11 2 14
e 10 15 2 15
e 11 12 2 16
e 12 13 2 17
e 13 19 5 18
e 13 14 2 19
e 14 15 2 20
e 14 16 5 21
e 16 17 9 22
e 16 18 9 23
e 19 21 9 24
e 19 20 9 25
e 22 23 9 26
e 22 24 9 27
t # 16
v 0 2
v 1 2
v 2 2
v 3 2
v 4 2
v 5 2
v 6 2
v 7 2
v 8 2
v 9 2
v 10 2
v 11 2
v 12 2
v 13 2
v 14 2
v 15 2
v 16 2
v 17 2
v 18 5
v 19 6
v 20 6
e 0 5 2 0
e 0 1 2 1
e 1 2 2 2
e 2 3 2 3
e 3 9 2 4
e 3 4 2 5
e 4 5 2 6
e 4 6 2 7
e 6 7 2 8
e 7 8 2 9
e 8 13 2 10
e 8 9 2 11
e 9 10 2 12
e 10 11 2 13
e 11 12 2 14
e 11 18 5 15
e 12 13 2 16
e 12 17 2 17
e 13 14 2 18
e 14 15 2 19
e 15 16 2 20
e 16 17 2 21
e 18 19 9 22
e 18 20 9 23
t # 17
v 0 2
v 1 2
v 2 2
v 3 2
v 4 2
v 5 2
v 6 2
v 7 2
v 8 2
v 9 2
v 10 2
v 11 2
v 12 2
v 13 2
v 14 2
v 15 2
v 16 5
v 17 6
v 18 6
e 0 13 2 0
e 0 1 2 1
e 1 2 2 2
e 2 11 2 3
e 2 3 2 4
e 3 4 2 5
e 4 5 2 6
e 5 6 2 7
e 5 10 2 8
e 6 7 2 9
e 7 8 2 10
e 7 16 5 11
e 8 9 2 12
e 9 15 2 13
e 9 10 2 14
e 10 11 2 15
e 11 12 2 16
e 12 13 2 17
e 12 14 2 18
e 14 15 2 19
e 16 17 9 20
e 16 18 9 21
t # 18
v 0 2
v 1 2
v 2 2
v 3 2
v 4 2
v 5 2
v 6 5
v 7 6
v 8 6
v 9 5
v 10 2
v 11 2
v 12 2
v 13 2
v 14 2
v 15 2
v 16 5
v 17 5
v 18 6
v 19 6
e 0 5 2 0
e 0 1 2 1
e 1 2 2 2
e 2 16 5 3
e 2 3 2 4
e 3 9 5 5
e 3 4 2 6
e 4 5 2 7
e 4 6 5 8
e 6 8 9 9
e 6 7 9 10
e 9 10 7 11
e 10 11 2 12
e 10 15 2 13
e 11 12 2 14
e 12 13 2 15
e 13 17 5 16
e 13 14 2 17
e 14 15 2 18
e 15 16 5 19
e 17 19 9 20
e 17 18 9 21
t # 19
v 0 2
v 1 2
v 2 2
v 3 2
v 4 2
v 5 2
v 6 5
v 7 6
v 8 6
v 9 2
v 10 2
v 11 2
v 12 2
v 13 2
v 14 2
v 15 5
v 16 6
v 17 6
v 18 5
v 19 6
v 20 6
e 0 5 2 0
e 0 1 2 1
e 1 2 2 2
e 2 3 2 3
e 2 9 2 4
e 3 4 2 5
e 4 5 2 6
e 4 6 5 7
e 6 8 9 8
e 6 7 9 9
e 9 14 2 10
e 9 10 2 11
e 10 11 2 12
e 11 12 2 13
e 12 13 2 14
e 12 18 5 15
e 13 15 5 16
e 13 14 2 17
e 15 17 9 18
e 15 16 9 19
e 18 19 9 20
e 18 20 9 21
t # 20
v 0 2
v 1 2
v 2 2
v 3 2
v 4 2
v 5 2
v 6 2
v 7 2
v 8 2
v 9 2
v 10 5
v 11 6
v 12 6
v 13 2
v 14 2
e 0 1 2 0
e 0 9 2 1
e 1 2 2 2
e 2 14 2 3
e 2 3 2 4
e 3 8 2 5
e 3 4 2 6
e 4 13 2 7
e 4 5 2 8
e 5 6 2 9
e 6 7 2 10
e 7 8 2 11
e 7 10 5 12
e 8 9 2 13
e 10 11 9 14
e 10 12 9 15
e 13 14 2 16
t # 21
v 0 2
v 1 2
v 2 2
v 3 2
v 4 2
v 5 2
v 6 2
v 7 2
v 8 2
v 9 2
v 10 2
v 11 2
v 12 2
v 13 2
v 14 2
v 15 2
v 16 5
v 17 5
v 18 6
v 19 6
e 0 1 2 0
e 0 9 2 1
e 1 2 2 2
e 2 7 2 3
e 2 3 2 4
e 3 4 2 5
e 4 5 2 6
e 5 17 5 7
e 5 6 2 8
e 6 7 2 9
e 6 15 2 10
e 7 8 2 11
e 8 13 2 12
e 8 9 2 13
e 9 10 2 14
e 10 11 2 15
e 11 12 2 16
e 12 13 2 17
e 12 16 5 18
e 13 14 2 19
e 14 15 2 20
e 17 19 9 21
e 17 18 9 22
t # 22
v 0 2
v 1 2
v 2 2
v 3 2
v 4 2
v 5 2
v 6 2
v 7 2
v 8 2
v 9 2
v 10 2
v 11 2
v 12 2
v 13 2
v 14 2
v 15 2
v 16 5
v 17 6
v 18 6
v 19 5
v 20 6
v 21 6
e 0 1 2 0
e 0 9 2 1
e 1 2 2 2
e 2 7 2 3
e 2 3 2 4
e 3 4 2 5
e 4 19 5 6
e 4 5 2 7
e 5 6 2 8
e 6 15 2 9
e 6 7 2 10
e 7 8 2 11
e 8 13 2 12
e 8 9 2 13
e 9 10 2 14
e 10 11 2 15
e 11 12 2 16
e 11 16 5 17
e 12 13 2 18
e 13 14 2 19
e 14 15 2 20
e 16 17 9 21
e 16 18 9 22
e 19 20 9 23
e 19 21 9 24
t # 23
v 0 2
v 1 2
v 2 2
v 3 2
v 4 2
v 5 2
v 6 2
v 7 2
v 8 2
v 9 2
v 10 2
v 11 2
v 12 2
v 13 2
v 14 2
v 15 2
v 16 6
v 17 5
v 18 6
v 19 6
e 0 13 2 0
e 0 1 2 1
e 1 2 2 2
e 2 11 2 3
e 2 3 2 4
e 3 4 2 5
e 4 5 2 6
e 5 6 2 7
e 5 10 2 8
e 6 7 2 9
e 6 17 5 10
e 7 8 2 11
e 8 16 6 12
e 8 9 2 13
e 9 15 2 14
e 9 10 2 15
e 10 11 2 16
e 11 12 2 17
e 12 13 2 18
e 12 14 2 19
e 14 15 2 20
e 17 19 9 21
e 17 18 9 22
t # 24
v 0 2
v 1 2
v 2 2
v 3 2
v 4 2
v 5 2
v 6 2
v 7 2
v 8 2
v 9 2
v 10 2
v 11 2
v 12 2
v 13 2
v 14 2
v 15 2
v 16 5
v 17 6
v 18 6
v 19 5
v 20 6
v 21 6
e 0 5 2 0
e 0 1 2 1
e 1 2 2 2
e 2 3 2 3
e 3 12 2 4
e 3 4 2 5
e 4 5 2 6
e 4 6 2 7
e 6 11 2 8
e 6 7 2 9
e 7 8 2 10
e 8 9 2 11
e 9 10 2 12
e 10 11 2 13
e 10 15 2 14
e 11 12 2 15
e 12 13 2 16
e 13 14 2 17
e 14 19 5 18
e 14 15 2 19
e 15 16 5 20
e 16 17 9 21
e 16 18 9 22
e 19 20 9 23
e 19 21 9 24
t # 25
v 0 2
v 1 2
v 2 2
v 3 2
v 4 2
v 5 2
v 6 2
v 7 2
v 8 2
v 9 2
v 10 2
v 11 2
v 12 2
v 13 2
v 14 2
v 15 2
v 16 5
v 17 6
v 18 6
v 19 5
v 20 6
v 21 6
e 0 5 2 0
e 0 1 2 1
e 1 2 2 2
e 2 3 2 3
e 3 12 2 4
e 3 4 2 5
e 4 5 2 6
e 4 6 2 7
e 6 11 2 8
e 6 7 2 9
e 7 8 2 10
e 8 9 2 11
e 9 19 5 12
e 9 10 2 13
e 10 11 2 14
e 10 15 2 15
e 11 12 2 16
e 12 13 2 17
e 13 14 2 18
e 14 15 2 19
e 14 16 5 20
e 16 17 9 21
e 16 18 9 22
e 19 20 9 23
e 19 21 9 24
t # 26
v 0 2
v 1 2
v 2 2
v 3 2
v 4 2
v 5 2
v 6 2
v 7 2
v 8 2
v 9 2
v 10 5
v 11 6
v 12 6
v 13 5
v 14 6
v 15 6
e 0 1 2 0
e 0 9 2 1
e 1 2 2 2
e 2 7 2 3
e 2 3 2 4
e 3 4 2 5
e 4 5 2 6
e 5 6 2 7
e 6 13 5 8
e 6 7 2 9
e 7 8 2 10
e 8 10 5 11
e 8 9 2 12
e 10 11 9 13
e 10 12 9 14
e 13 15 9 15
e 13 14 9 16
t # 27
v 0 2
v 1 2
v 2 2
v 3 2
v 4 2
v 5 2
v 6 5
v 7 2
v 8 2
v 9 2
v 10 2
v 11 2
v 12 2
v 13 5
v 14 6
v 15 6
e 0 5 2 0
e 0 1 2 1
e 1 2 2 2
e 2 7 2 3
e 2 3 2 4
e 3 4 2 5
e 4 5 2 6
e 4 6 5 7
e 7 8 2 8
e 7 12 2 9
e 8 9 2 10
e 9 10 2 11
e 10 11 2 12
e 10 13 5 13
e 11 12 2 14
e 13 15 9 15
e 13 14 9 16
t # 28
v 0 2
v 1 2
v 2 2
v 3 2
v 4 2
v 5 2
v 6 2
v 7 2
v 8 2
v 9 2
v 10 2
v 11 2
v 12 5
v 13 6
v 14 6
v 15 5
e 0 5 2 0
e 0 1 2 1
e 1 2 2 2
e 2 15 5 3
e 2 3 2 4
e 3 4 2 5
e 4 5 2 6
e 5 6 2 7
e 6 11 2 8
e 6 7 2 9
e 7 8 2 10
e 8 9 2 11
e 9 12 5 12
e 9 10 2 13
e 10 11 2 14
e 12 13 9 15
e 12 14 9 16
t # 29
v 0 2
v 1 2
v 2 2
v 3 2
v 4 2
v 5 2
v 6 2
v 7 2
v 8 2
v 9 2
v 10 2
v 11 2
v 12 5
v 13 6
v 14 6
e 0 1 2 0
e 0 9 2 1
e 1 2 2 2
e 2 7 2 3
e 2 3 2 4
e 3 4 2 5
e 4 5 2 6
e 5 12 5 7
e 5 6 2 8
e 6 11 2 9
e 6 7 2 10
e 7 8 2 11
e 8 10 2 12
e 8 9 2 13
e 10 11 2 14
e 12 13 9 15
e 12 14 9 16
t # 30
v 0 2
v 1 2
v 2 2
v 3 2
v 4 2
v 5 2
v 6 5
v 7 6
v 8 6
v 9 5
v 10 2
v 11 2
v 12 2
v 13 2
v 14 2
v 15 2
v 16 5
v 17 5
v 18 6
v 19 6
e 0 5 2 0
e 0 1 2 1
e 1 2 2 2
e 2 16 5 3
e 2 3 2 4
e 3 9 5 5
e 3 4 2 6
e 4 5 2 7
e 5 6 5 8
e 6 8 9 9
e 6 7 9 10
e 9 10 7 11
e 10 11 2 12
e 10 15 2 13
e 11 12 2 14
e 12 13 2 15
e 13 17 5 16
e 13 14 2 17
e 14 15 2 18
e 15 16 5 19
e 17 19 9 20
e 17 18 9 21
t # 31
v 0 2
v 1 2
v 2 2
v 3 2
v 4 5
v 5 5
v 6 2
v 7 2
v 8 2
v 9 5
v 10 6
v 11 6
e 0 8 2 0
e 0 1 2 1
e 1 2 2 2
e 2 6 2 3
e 2 3 2 4
e 3 4 5 5
e 4 5 8 6
e 5 6 7 7
e 6 7 2 8
e 7 8 2 9
e 7 9 5 10
e 9 11 9 11
e 9 10 9 12
t # 32
v 0 2
v 1 2
v 2 2
v 3 2
v 4 2
v 5 2
v 6 2
v 7 2
v 8 2
v 9 2
v 10 2
v 11 2
v 12 2
v 13 2
v 14 2
v 15 2
v 16 5
v 17 6
v 18 6
v 19 5
v 20 6
v 21 6
e 0 5 2 0
e 0 1 2 1
e 1 2 2 2
e 2 3 2 3
e 3 12 2 4
e 3 4 2 5
e 4 5 2 6
e 4 6 2 7
e 6 11 2 8
e 6 7 2 9
e 7 8 2 10
e 8 19 5 11
e 8 9 2 12
e 9 10 2 13
e 10 11 2 14
e 10 15 2 15
e 11 12 2 16
e 12 13 2 17
e 13 14 2 18
e 14 15 2 19
e 14 16 5 20
e 16 17 9 21
e 16 18 9 22
e 19 20 9 23
e 19 21 9 24
t # 33
v 0 2
v 1 2
v 2 2
v 3 2
v 4 2
v 5 2
v 6 2
v 7 2
v 8 2
v 9 2
v 10 5
v 11 6
v 12 6
v 13 2
v 14 2
e 0 1 2 0
e 0 9 2 1
e 1 2 2 2
e 2 14 2 3
e 2 3 2 4
e 3 8 2 5
e 3 4 2 6
e 4 13 2 7
e 4 5 2 8
e 5 6 2 9
e 6 7 2 10
e 7 8 2 11
e 7 10 5 12
e 8 9 2 13
e 10 11 9 14
e 10 12 9 15
e 13 14 2 16
t # 34
v 0 2
v 1 2
v 2 2
v 3 2
v 4 2
v 5 2
v 6 2
v 7 2
v 8 2
v 9 2
v 10 2
v 11 2
v 12 2
v 13 2
v 14 2
v 15 2
v 16 6
v 17 5
v 18 6
v 19 6
e 0 1 2 0
e 0 9 2 1
e 1 2 2 2
e 2 7 2 3
e 2 3 2 4
e 3 17 5 5
e 3 4 2 6
e 4 5 2 7
e 5 6 2 8
e 6 7 2 9
e 6 15 2 10
e 7 8 2 11
e 8 13 2 12
e 8 9 2 13
e 9 10 2 14
e 10 11 2 15
e 11 12 2 16
e 12 13 2 17
e 12 16 6 18
e 13 14 2 19
e 14 15 2 20
e 17 19 9 21
e 17 18 9 22
t # 35
v 0 2
v 1 2
v 2 6
v 3 5
v 4 2
v 5 2
v 6 2
v 7 2
v 8 2
v 9 2
v 10 2
v 11 2
v 12 2
v 13 2
v 14 2
v 15 2
v 16 2
v 17 5
v 18 6
v 19 6
e 0 1 2 0
e 1 2 6 1
e 1 3 5 2
e 3 4 7 3
e 4 5 2 4
e 4 9 2 5
e 5 6 2 6
e 6 7 2 7
e 7 8 2 8
e 7 12 2 9
e 8 10 2 10
e 8 9 2 11
e 10 11 2 12
e 11 12 2 13
e 11 16 2 14
e 12 13 2 15
e 13 14 2 16
e 14 15 2 17
e 15 17 5 18
e 15 16 2 19
e 17 19 9 20
e 17 18 9 21
t # 36
v 0 2
v 1 2
v 2 2
v 3 2
v 4 2
v 5 2
v 6 2
v 7 2
v 8 2
v 9 2
v 10 2
v 11 2
v 12 2
v 13 2
v 14 2
v 15 2
v 16 5
v 17 6
v 18 6
v 19 6
e 0 1 2 0
e 0 9 2 1
e 1 2 2 2
e 2 7 2 3
e 2 3 2 4
e 3 4 2 5
e 4 5 2 6
e 5 19 6 7
e 5 6 2 8
e 6 7 2 9
e 6 15 2 10
e 7 8 2 11
e 8 13 2 12
e 8 9 2 13
e 9 10 2 14
e 10 11 2 15
e 11 12 2 16
e 12 13 2 17
e 12 16 5 18
e 13 14 2 19
e 14 15 2 20
e 16 17 9 21
e 16 18 9 22
t # 37
v 0 2
v 1 2
v 2 2
v 3 2
v 4 2
v 5 2
v 6 2
v 7 2
v 8 2
v 9 2
v 10 2
v 11 2
v 12 2
v 13 2
v 14 2
v 15 2
v 16 5
v 17 6
v 18 6
e 0 13 2 0
e 0 1 2 1
e 1 2 2 2
e 2 11 2 3
e 2 3 2 4
e 3 4 2 5
e 4 5 2 6
e 5 6 2 7
e 5 10 2 8
e 6 7 2 9
e 7 8 2 10
e 8 16 5 11
e 8 9 2 12
e 9 15 2 13
e 9 10 2 14
e 10 11 2 15
e 11 12 2 16
e 12 13 2 17
e 12 14 2 18
e 14 15 2 19
e 16 17 9 20
e 16 18 9 21
t # 38
v 0 2
v 1 2
v 2 2
v 3 2
v 4 2
v 5 2
v 6 2
v 7 2
v 8 2
v 9 2
v 10 2
v 11 2
v 12 2
v 13 2
v 14 2
v 15 2
v 16 2
v 17 2
v 18 2
v 19 2
v 20 5
v 21 6
v 22 6
v 23 5
v 24 6
v 25 6
e 0 5 2 0
e 0 1 2 1
e 1 2 2 2
e 2 3 2 3
e 3 13 2 4
e 3 4 2 5
e 4 5 2 6
e 4 6 2 7
e 6 11 2 8
e 6 7 2 9
e 7 8 2 10
e 8 9 2 11
e 9 23 5 12
e 9 10 2 13
e 10 11 2 14
e 10 19 2 15
e 11 12 2 16
e 12 13 2 17
e 12 17 2 18
e 13 14 2 19
e 14 15 2 20
e 14 20 5 21
e 15 16 2 22
e 16 17 2 23
e 17 18 2 24
e 18 19 2 25
e 20 22 9 26
e 20 21 9 27
e 23 25 9 28
e 23 24 9 29
t # 39
v 0 2
v 1 2
v 2 2
v 3 2
v 4 2
v 5 2
v 6 2
v 7 2
v 8 2
v 9 2
v 10 2
v 11 2
v 12 5
v 13 6
v 14 6
v 15 5
v 16 6
v 17 6
v 18 5
v 19 6
v 20 6
v 21 5
v 22 6
v 23 6
e 0 5 2 0
e 0 1 2 1
e 1 2 2 2
e 2 21 5 3
e 2 3 2 4
e 3 18 5 5
e 3 4 2 6
e 4 5 2 7
e 5 6 2 8
e 6 11 2 9
e 6 7 2 10
e 7 8 2 11
e 8 9 2 12
e 9 15 5 13
e 9 10 2 14
e 10 11 2 15
e 10 12 5 16
e 12 13 9 17
e 12 14 9 18
e 15 17 9 19
e 15 16 9 20
e 18 19 9 21
e 18 20 9 22
e 21 22 9 23
e 21 23 9 24
t # 40
v 0 2
v 1 2
v 2 2
v 3 2
v 4 2
v 5 2
v 6 2
v 7 2
v 8 2
v 9 2
v 10 2
v 11 2
v 12 2
v 13 2
v 14 2
v 15 2
v 16 5
v 17 6
v 18 6
v 19 5
v 20 6
v 21 6
e 0 1 2 0
e 0 9 2 1
e 1 2 2 2
e 2 7 2 3
e 2 3 2 4
e 3 4 2 5
e 4 19 5 6
e 4 5 2 7
e 5 6 2 8
e 6 15 2 9
e 6 7 2 10
e 7 8 2 11
e 8 13 2 12
e 8 9 2 13
e 9 10 2 14
e 10 11 2 15
e 11 12 2 16
e 11 16 5 17
e 12 13 2 18
e 13 14 2 19
e 14 15 2 20
e 16 17 9 21
e 16 18 9 22
e 19 20 9 23
e 19 21 9 24
t # 41
v 0 2
v 1 2
v 2 2
v 3 2
v 4 2
v 5 2
v 6 2
v 7 2
v 8 2
v 9 2
v 10 2
v 11 2
v 12 2
v 13 2
v 14 2
v 15 2
v 16 5
v 17 6
v 18 6
v 19 5
v 20 6
v 21 6
e 0 13 2 0
e 0 1 2 1
e 1 2 2 2
e 2 11 2 3
e 2 3 2 4
e 3 4 2 5
e 4 5 2 6
e 5 6 2 7
e 5 10 2 8
e 6 19 5 9
e 6 7 2 10
e 7 8 2 11
e 8 16 5 12
e 8 9 2 13
e 9 15 2 14
e 9 10 2 15
e 10 11 2 16
e 11 12 2 17
e 12 13 2 18
e 12 14 2 19
e 14 15 2 20
e 16 17 9 21
e 16 18 9 22
e 19 21 9 23
e 19 20 9 24
t # 42
v 0 2
v 1 2
v 2 2
v 3 2
v 4 2
v 5 2
v 6 2
v 7 2
v 8 2
v 9 2
v 10 2
v 11 2
v 12 2
v 13 2
v 14 2
v 15 2
v 16 5
v 17 6
v 18 6
e 0 1 2 0
e 0 9 2 1
e 1 2 2 2
e 2 7 2 3
e 2 3 2 4
e 3 4 2 5
e 4 5 2 6
e 5 6 2 7
e 6 11 2 8
e 6 7 2 9
e 7 8 2 10
e 8 10 2 11
e 8 9 2 12
e 10 11 2 13
e 10 15 2 14
e 11 12 2 15
e 12 13 2 16
e 13 16 5 17
e 13 14 2 18
e 14 15 2 19
e 16 17 9 20
e 16 18 9 21
t # 43
v 0 2
v 1 2
v 2 6
v 3 6
v 4 2
v 5 2
v 6 2
v 7 2
v 8 2
v 9 2
v 10 2
v 11 2
v 12 2
v 13 2
v 14 2
v 15 2
v 16 2
v 17 2
v 18 2
v 19 2
v 20 5
v 21 6
v 22 6
e 0 1 2 0
e 1 2 6 1
e 1 3 6 2
e 3 4 10 3
e 4 17 2 4
e 4 5 2 5
e 5 6 2 6
e 6 7 2 7
e 6 20 5 8
e 7 8 2 9
e 7 16 2 10
e 8 9 2 11
e 9 10 2 12
e 10 11 2 13
e 10 15 2 14
e 11 12 2 15
e 12 13 2 16
e 13 14 2 17
e 14 19 2 18
e 14 15 2 19
e 15 16 2 20
e 16 17 2 21
e 17 18 2 22
e 18 19 2 23
e 20 22 9 24
e 20 21 9 25
t # 44
v 0 2
v 1 2
v 2 2
v 3 2
v 4 2
v 5 2
v 6 2
v 7 2
v 8 2
v 9 2
v 10 2
v 11 2
v 12 2
v 13 2
v 14 2
v 15 2
v 16 5
v 17 6
v 18 6
v 19 5
v 20 6
v 21 6
e 0 1 2 0
e 0 9 2 1
e 1 2 2 2
e 2 7 2 3
e 2 3 2 4
e 3 19 5 5
e 3 4 2 6
e 4 5 2 7
e 5 6 2 8
e 6 15 2 9
e 6 7 2 10
e 7 8 2 11
e 8 13 2 12
e 8 9 2 13
e 9 10 2 14
e 10 11 2 15
e 11 12 2 16
e 12 13 2 17
e 12 16 5 18
e 13 14 2 19
e 14 15 2 20
e 16 17 9 21
e 16 18 9 22
e 19 20 9 23
e 19 21 9 24
t # 45
v 0 2
v 1 2
v 2 2
v 3 2
v 4 2
v 5 2
v 6 5
v 7 6
v 8 6
v 9 5
v 10 6
v 11 6
v 12 3
e 0 5 2 0
e 0 1 2 1
e 1 2 2 2
e 2 12 3 3
e 2 3 2 4
e 3 9 5 5
e 3 4 2 6
e 4 5 2 7
e 5 6 5 8
e 6 8 9 9
e 6 7 9 10
e 9 11 9 11
e 9 10 9 12
t # 46
v 0 2
v 1 2
v 2 2
v 3 2
v 4 2
v 5 2
v 6 2
v 7 2
v 8 2
v 9 2
v 10 2
v 11 2
v 12 2
v 13 2
v 14 2
v 15 2
v 16 5
v 17 6
v 18 6
v 19 5
v 20 6
v 21 6
e 0 5 2 0
e 0 1 2 1
e 1 2 2 2
e 2 3 2 3
e 3 12 2 4
e 3 4 2 5
e 4 5 2 6
e 4 6 2 7
e 6 11 2 8
e 6 7 2 9
e 7 8 2 10
e 8 9 2 11
e 9 19 5 12
e 9 10 2 13
e 10 11 2 14
e 10 15 2 15
e 11 12 2 16
e 12 13 2 17
e 13 14 2 18
e 14 15 2 19
e 15 16 5 20
e 16 17 9 21
e 16 18 9 22
e 19 20 9 23
e 19 21 9 24
t # 47
v 0 2
v 1 2
v 2 2
v 3 2
v 4 2
v 5 2
v 6 5
v 7 2
v 8 2
v 9 2
v 10 2
v 11 2
v 12 2
v 13 5
v 14 5
v 15 6
v 16 6
e 0 5 2 0
e 0 1 2 1
e 1 2 2 2
e 2 3 2 3
e 3 13 5 4
e 3 4 2 5
e 4 5 2 6
e 4 6 5 7
e 6 7 7 8
e 7 8 2 9
e 7 12 2 10
e 8 9 2 11
e 9 10 2 12
e 10 11 2 13
e 11 12 2 14
e 11 14 5 15
e 12 13 5 16
e 14 15 9 17
e 14 16 9 18
t # 48
v 0 2
v 1 2
v 2 2
v 3 2
v 4 2
v 5 2
v 6 5
v 7 6
v 8 6
v 9 5
v 10 6
v 11 6
v 12 2
v 13 2
v 14 2
v 15 2
v 16 2
v 17 2
v 18 5
v 19 6
v 20 6
v 21 5
v 22 6
v 23 6
e 0 5 2 0
e 0 1 2 1
e 1 2 2 2
e 2 12 2 3
e 2 3 2 4
e 3 9 5 5
e 3 4 2 6
e 4 5 2 7
e 5 6 5 8
e 6 8 9 9
e 6 7 9 10
e 9 11 9 11
e 9 10 9 12
e 12 13 2 13
e 12 17 2 14
e 13 14 2 15
e 14 15 2 16
e 15 16 2 17
e 15 21 5 18
e 16 17 2 19
e 17 18 5 20
e 18 19 9 21
e 18 20 9 22
e 21 22 9 23
e 21 23 9 24
t # 49
v 0 2
v 1 2
v 2 2
v 3 2
v 4 2
v 5 5
v 6 5
v 7 2
v 8 2
v 9 5
v 10 6
v 11 6
e 0 8 2 0
e 0 1 2 1
e 1 2 2 2
e 2 3 2 3
e 2 9 5 4
e 3 4 2 5
e 4 8 2 6
e 4 5 5 7
e 5 6 8 8
e 6 7 7 9
e 7 8 2 10
e 9 11 9 11
e 9 10 9 12
t # 50
v 0 2
v 1 2
v 2 2
v 3 2
v 4 2
v 5 2
v 6 2
v 7 2
v 8 2
v 9 2
v 10 2
v 11 2
v 12 5
v 13 6
v 14 6
v 15 5
v 16 6
v 17 6
v 18 5
v 19 6
v 20 6
e 0 5 2 0
e 0 1 2 1
e 1 2 2 2
e 2 18 5 3
e 2 3 2 4
e 3 4 2 5
e 4 5 2 6
e 5 6 2 7
e 6 11 2 8
e 6 7 2 9
e 7 8 2 10
e 8 9 2 11
e 9 15 5 12
e 9 10 2 13
e 10 11 2 14
e 10 12 5 15
e 12 13 9 16
e 12 14 9 17
e 15 17 9 18
e 15 16 9 19
e 18 19 9 20
e 18 20 9 21
t # 51
v 0 2
v 1 2
v 2 2
v 3 2
v 4 2
v 5 2
v 6 2
v 7 2
v 8 2
v 9 2
v 10 2
v 11 2
v 12 2
v 13 2
v 14 2
v 15 2
v 16 5
v 17 6
v 18 6
v 19 5
v 20 6
v 21 6
e 0 1 2 0
e 0 9 2 1
e 1 2 2 2
e 2 7 2 3
e 2 3 2 4
e 3 19 5 5
e 3 4 2 6
e 4 5 2 7
e 5 6 2 8
e 6 11 2 9
e 6 7 2 10
e 7 8 2 11
e 8 10 2 12
e 8 9 2 13
e 10 11 2 14
e 10 15 2 15
e 11 12 2 16
e 12 13 2 17
e 13 16 5 18
e 13 14 2 19
e 14 15 2 20
e 16 17 9 21
e 16 18 9 22
e 19 20 9 23
e 19 21 9 24
t # 52
v 0 2
v 1 2
v 2 2
v 3 2
v 4 2
v 5 2
v 6 5
v 7 6
v 8 6
v 9 2
v 10 2
v 11 2
e 0 5 2 0
e 0 1 2 1
e 1 2 2 2
e 2 11 2 3
e 2 3 2 4
e 3 9 2 5
e 3 4 2 6
e 4 5 2 7
e 5 6 5 8
e 6 8 9 9
e 6 7 9 10
e 9 10 2 11
e 10 11 2 12
t # 53
v 0 2
v 1 2
v 2 2
v 3 2
v 4 2
v 5 2
v 6 5
v 7 6
v 8 6
v 9 5
v 10 2
v 11 2
v 12 5
v 13 2
v 14 2
v 15 2
v 16 2
v 17 5
v 18 6
v 19 6
e 0 5 2 0
e 0 1 2 1
e 1 2 2 2
e 2 12 5 3
e 2 3 2 4
e 3 9 5 5
e 3 4 2 6
e 4 5 2 7
e 4 6 5 8
e 6 8 9 9
e 6 7 9 10
e 9 10 7 11
e 10 11 2 12
e 10 16 2 13
e 11 12 5 14
e 11 13 2 15
e 13 14 2 16
e 14 15 2 17
e 15 16 2 18
e 16 17 5 19
e 17 19 9 20
e 17 18 9 21
t # 54
v 0 2
v 1 5
v 2 5
v 3 2
v 4 2
v 5 2
v 6 2
v 7 2
v 8 2
v 9 2
v 10 5
v 11 6
v 12 6
e 0 1 5 0
e 1 2 8 1
e 1 5 7 2
e 2 3 7 3
e 3 9 2 4
e 3 4 2 5
e 4 5 2 6
e 4 6 2 7
e 6 7 2 8
e 7 8 2 9
e 8 9 2 10
e 9 10 5 11
e 10 11 9 12
e 10 12 9 13
t # 55
v 0 2
v 1 2
v 2 2
v 3 2
v 4 2
v 5 2
v 6 2
v 7 2
v 8 2
v 9 2
v 10 2
v 11 2
v 12 2
v 13 2
v 14 2
v 15 2
v 16 2
v 17 2
v 18 2
v 19 2
v 20 2
v 21 2
v 22 5
v 23 6
v 24 6
v 25 5
v 26 6
v 27 6
e 0 13 2 0
e 0 1 2 1
e 1 2 2 2
e 2 11 2 3
e 2 3 2 4
e 3 4 2 5
e 4 5 2 6
e 5 6 2 7
e 5 10 2 8
e 6 25 5 9
e 6 7 2 10
e 7 8 2 11
e 8 9 2 12
e 9 18 2 13
e 9 10 2 14
e 10 11 2 15
e 11 12 2 16
e 12 13 2 17
e 12 17 2 18
e 13 14 2 19
e 14 15 2 20
e 15 16 2 21
e 16 17 2 22
e 16 21 2 23
e 17 18 2 24
e 18 19 2 25
e 19 22 5 26
e 19 20 2 27
e 20 21 2 28
e 22 23 9 29
e 22 24 9 30
e 25 27 9 31
e 25 26 9 32
t # 56
v 0 2
v 1 2
v 2 2
v 3 2
v 4 2
v 5 2
v 6 2
v 7 2
v 8 2
v 9 2
v 10 2
v 11 2
v 12 2
v 13 2
v 14 2
v 15 2
v 16 5
v 17 6
v 18 6
v 19 5
v 20 6
v 21 6
e 0 1 2 0
e 0 9 2 1
e 1 2 2 2
e 2 7 2 3
e 2 3 2 4
e 3 4 2 5
e 4 5 2 6
e 5 19 5 7
e 5 6 2 8
e 6 15 2 9
e 6 7 2 10
e 7 8 2 11
e 8 13 2 12
e 8 9 2 13
e 9 10 2 14
e 10 11 2 15
e 11 12 2 16
e 12 13 2 17
e 12 16 5 18
e 13 14 2 19
e 14 15 2 20
e 16 17 9 21
e 16 18 9 22
e 19 21 9 23
e 19 20 9 24
t # 57
v 0 2
v 1 2
v 2 2
v 3 2
v 4 2
v 5 2
v 6 2
v 7 2
v 8 2
v 9 2
v 10 2
v 11 2
v 12 2
v 13 2
v 14 2
v 15 2
v 16 5
v 17 6
v 18 6
v 19 5
v 20 6
v 21 6
e 0 1 2 0
e 0 9 2 1
e 1 2 2 2
e 2 7 2 3
e 2 3 2 4
e 3 19 5 5
e 3 4 2 6
e 4 5 2 7
e 5 6 2 8
e 6 11 2 9
e 6 7 2 10
e 7 8 2 11
e 8 10 2 12
e 8 9 2 13
e 10 11 2 14
e 10 15 2 15
e 11 12 2 16
e 12 13 2 17
e 13 14 2 18
e 14 15 2 19
e 15 16 5 20
e 16 17 9 21
e 16 18 9 22
e 19 20 9 23
e 19 21 9 24
t # 58
v 0 2
v 1 2
v 2 2
v 3 2
v 4 2
v 5 2
v 6 2
v 7 2
v 8 2
v 9 2
v 10 2
v 11 2
v 12 2
v 13 2
v 14 2
v 15 2
v 16 2
v 17 2
v 18 5
v 19 6
v 20 6
e 0 5 2 0
e 0 1 2 1
e 1 2 2 2
e 2 3 2 3
e 3 13 2 4
e 3 4 2 5
e 4 5 2 6
e 4 6 2 7
e 6 11 2 8
e 6 7 2 9
e 7 8 2 10
e 8 9 2 11
e 9 10 2 12
e 10 11 2 13
e 11 12 2 14
e 12 13 2 15
e 12 17 2 16
e 13 14 2 17
e 14 15 2 18
e 15 16 2 19
e 16 17 2 20
e 16 18 5 21
e 18 19 9 22
e 18 20 9 23
t # 59
v 0 2
v 1 2
v 2 2
v 3 2
v 4 2
v 5 2
v 6 2
v 7 2
v 8 2
v 9 2
v 10 2
v 11 2
v 12 2
v 13 6
v 14 5
v 15 6
v 16 6
e 0 5 2 0
e 0 1 2 1
e 1 2 2 2
e 2 3 2 3
e 3 12 2 4
e 3 4 2 5
e 4 5 2 6
e 4 6 2 7
e 6 11 2 8
e 6 7 2 9
e 7 8 2 10
e 8 14 5 11
e 8 9 2 12
e 9 10 2 13
e 10 11 2 14
e 11 12 2 15
e 12 13 6 16
e 14 15 9 17
e 14 16 9 18
t # 60
v 0 2
v 1 2
v 2 2
v 3 2
v 4 2
v 5 2
v 6 2
v 7 2
v 8 2
v 9 2
v 10 2
v 11 2
v 12 2
v 13 2
v 14 5
v 15 6
v 16 6
e 0 5 2 0
e 0 1 2 1
e 1 2 2 2
e 2 3 2 3
e 3 9 2 4
e 3 4 2 5
e 4 5 2 6
e 4 6 2 7
e 6 7 2 8
e 7 8 2 9
e 8 13 2 10
e 8 9 2 11
e 9 10 2 12
e 10 11 2 13
e 11 12 2 14
e 12 13 2 15
e 12 14 5 16
e 14 15 9 17
e 14 16 9 18
t # 61
v 0 2
v 1 2
v 2 2
v 3 2
v 4 2
v 5 2
v 6 2
v 7 5
v 8 2
v 9 2
v 10 2
v 11 2
v 12 2
v 13 2
v 14 2
v 15 5
v 16 6
v 17 6
e 0 5 2 0
e 0 1 2 1
e 1 2 2 2
e 2 3 2 3
e 2 10 2 4
e 3 8 2 5
e 3 4 2 6
e 4 5 2 7
e 5 6 2 8
e 6 7 5 9
e 8 9 2 10
e 9 14 2 11
e 9 10 2 12
e 10 11 2 13
e 11 12 2 14
e 12 13 2 15
e 13 15 5 16
e 13 14 2 17
e 15 17 9 18
e 15 16 9 19
t # 62
v 0 2
v 1 2
v 2 2
v 3 2
v 4 2
v 5 2
v 6 5
v 7 6
v 8 6
v 9 2
v 10 2
v 11 2
v 12 2
v 13 2
v 14 2
v 15 5
v 16 6
v 17 6
e 0 5 2 0
e 0 1 2 1
e 1 2 2 2
e 2 3 2 3
e 2 9 2 4
e 3 4 2 5
e 4 5 2 6
e 4 6 5 7
e 6 8 9 8
e 6 7 9 9
e 9 14 2 10
e 9 10 2 11
e 10 11 2 12
e 11 12 2 13
e 12 13 2 14
e 12 15 5 15
e 13 14 2 16
e 15 17 9 17
e 15 16 9 18
t # 63
v 0 2
v 1 2
v 2 2
v 3 2
v 4 2
v 5 2
v 6 5
v 7 6
v 8 6
v 9 2
v 10 2
v 11 2
v 12 2
v 13 2
v 14 2
v 15 2
v 16 4
e 0 5 2 0
e 0 1 2 1
e 1 2 2 2
e 2 11 2 3
e 2 3 2 4
e 3 9 2 5
e 3 4 2 6
e 4 5 2 7
e 5 6 5 8
e 6 8 9 9
e 6 7 9 10
e 9 10 2 11
e 10 11 2 12
e 10 15 2 13
e 11 12 2 14
e 12 13 2 15
e 13 14 2 16
e 14 15 2 17
e 14 16 4 18
t # 64
v 0 2
v 1 2
v 2 2
v 3 2
v 4 2
v 5 2
v 6 2
v 7 2
v 8 2
v 9 2
v 10 2
v 11 2
v 12 2
v 13 2
v 14 2
v 15 2
v 16 2
v 17 2
v 18 2
v 19 2
v 20 5
v 21 6
v 22 6
e 0 5 2 0
e 0 1 2 1
e 1 2 2 2
e 2 3 2 3
e 3 9 2 4
e 3 4 2 5
e 4 5 2 6
e 4 6 2 7
e 6 7 2 8
e 7 8 2 9
e 8 17 2 10
e 8 9 2 11
e 9 10 2 12
e 10 11 2 13
e 11 12 2 14
e 11 16 2 15
e 12 13 2 16
e 13 14 2 17
e 14 15 2 18
e 15 19 2 19
e 15 16 2 20
e 16 17 2 21
e 17 18 2 22
e 18 19 2 23
e 19 20 5 24
e 20 22 9 25
e 20 21 9 26
t # 65
v 0 2
v 1 2
v 2 2
v 3 2
v 4 2
v 5 2
v 6 2
v 7 2
v 8 2
v 9 2
v 10 2
v 11 2
v 12 2
v 13 2
v 14 2
v 15 2
v 16 2
v 17 2
v 18 2
v 19 2
v 20 2
v 21 2
v 22 2
v 23 2
v 24 5
v 25 6
v 26 6
e 0 17 2 0
e 0 1 2 1
e 1 2 2 2
e 2 19 2 3
e 2 3 2 4
e 3 4 2 5
e 4 5 2 6
e 5 6 2 7
e 5 20 2 8
e 6 7 2 9
e 7 8 2 10
e 8 21 2 11
e 8 9 2 12
e 9 10 2 13
e 9 24 5 14
e 10 11 2 15
e 11 12 2 16
e 11 22 2 17
e 12 13 2 18
e 13 14 2 19
e 14 15 2 20
e 14 23 2 21
e 15 16 2 22
e 16 17 2 23
e 17 18 2 24
e 18 19 2 25
e 18 23 2 26
e 19 20 2 27
e 20 21 2 28
e 21 22 2 29
e 22 23 2 30
e 24 25 9 31
e 24 26 9 32
t # 66
v 0 2
v 1 2
v 2 2
v 3 2
v 4 2
v 5 2
v 6 5
v 7 6
v 8 6
v 9 2
v 10 2
v 11 2
v 12 2
v 13 2
v 14 2
v 15 2
v 16 6
e 0 5 2 0
e 0 1 2 1
e 1 2 2 2
e 2 11 2 3
e 2 3 2 4
e 3 9 2 5
e 3 4 2 6
e 4 5 2 7
e 5 6 5 8
e 6 8 9 9
e 6 7 9 10
e 9 10 2 11
e 10 11 2 12
e 10 15 2 13
e 11 12 2 14
e 12 13 2 15
e 13 14 2 16
e 14 15 2 17
e 14 16 6 18
t # 67
v 0 2
v 1 2
v 2 2
v 3 2
v 4 2
v 5 2
v 6 5
v 7 6
v 8 6
v 9 5
v 10 6
v 11 6
v 12 1
e 0 5 2 0
e 0 1 2 1
e 1 2 2 2
e 2 12 1 3
e 2 3 2 4
e 3 9 5 5
e 3 4 2 6
e 4 5 2 7
e 5 6 5 8
e 6 8 9 9
e 6 7 9 10
e 9 11 9 11
e 9 10 9 12
t # 68
v 0 2
v 1 2
v 2 2
v 3 2
v 4 2
v 5 2
v 6 2
v 7 2
v 8 2
v 9 2
v 10 2
v 11 2
v 12 2
v 13 2
v 14 2
v 15 2
v 16 2
v 17 2
v 18 2
v 19 2
v 20 5
v 21 6
v 22 6
e 0 5 2 0
e 0 1 2 1
e 1 2 2 2
e 2 3 2 3
e 3 17 2 4
e 3 4 2 5
e 4 5 2 6
e 4 6 2 7
e 6 7 2 8
e 7 8 2 9
e 7 16 2 10
e 8 9 2 11
e 9 10 2 12
e 10 11 2 13
e 10 15 2 14
e 11 12 2 15
e 12 13 2 16
e 13 20 5 17
e 13 14 2 18
e 14 19 2 19
e 14 15 2 20
e 15 16 2 21
e 16 17 2 22
e 17 18 2 23
e 18 19 2 24
e 20 22 9 25
e 20 21 9 26
t # 69
v 0 2
v 1 2
v 2 2
v 3 2
v 4 2
v 5 2
v 6 5
v 7 6
v 8 6
v 9 2
v 10 2
v 11 2
v 12 2
v 13 2
v 14 2
v 15 2
v 16 3
e 0 5 2 0
e 0 1 2 1
e 1 2 2 2
e 2 11 2 3
e 2 3 2 4
e 3 9 2 5
e 3 4 2 6
e 4 5 2 7
e 5 6 5 8
e 6 8 9 9
e 6 7 9 10
e 9 10 2 11
e 10 11 2 12
e 10 15 2 13
e 11 12 2 14
e 12 13 2 15
e 13 14 2 16
e 14 15 2 17
e 14 16 3 18
t # 70
v 0 2
v 1 2
v 2 2
v 3 2
v 4 2
v 5 2
v 6 5
v 7 6
v 8 6
v 9 2
v 10 6
v 11 2
v 12 2
v 13 2
v 14 2
v 15 2
v 16 2
v 17 5
v 18 6
v 19 6
v 20 5
v 21 6
v 22 6
e 0 5 2 0
e 0 1 2 1
e 1 2 2 2
e 2 12 2 3
e 2 3 2 4
e 3 9 2 5
e 3 4 2 6
e 4 5 2 7
e 5 6 5 8
e 6 8 9 9
e 6 7 9 10
e 9 11 2 11
e 9 10 6 12
e 11 12 2 13
e 11 16 2 14
e 12 13 2 15
e 13 20 5 16
e 13 14 2 17
e 14 15 2 18
e 15 17 5 19
e 15 16 2 20
e 17 19 9 21
e 17 18 9 22
e 20 22 9 23
e 20 21 9 24
t # 71
v 0 2
v 1 2
v 2 2
v 3 2
v 4 2
v 5 2
v 6 2
v 7 2
v 8 2
v 9 2
v 10 2
v 11 2
v 12 2
v 13 2
v 14 2
v 15 2
v 16 2
v 17 2
v 18 2
v 19 2
v 20 5
v 21 6
v 22 6
e 0 17 2 0
e 0 1 2 1
e 1 2 2 2
e 2 3 2 3
e 3 16 2 4
e 3 4 2 5
e 4 5 2 6
e 5 6 2 7
e 5 14 2 8
e 6 11 2 9
e 6 7 2 10
e 7 8 2 11
e 8 9 2 12
e 9 10 2 13
e 10 11 2 14
e 10 19 2 15
e 11 12 2 16
e 12 13 2 17
e 12 18 2 18
e 13 14 2 19
e 14 15 2 20
e 15 16 2 21
e 16 17 2 22
e 18 19 2 23
e 19 20 5 24
e 20 22 9 25
e 20 21 9 26
t # 72
v 0 2
v 1 2
v 2 2
v 3 2
v 4 2
v 5 2
v 6 2
v 7 2
v 8 2
v 9 2
v 10 2
v 11 2
v 12 2
v 13 2
v 14 2
v 15 2
v 16 5
v 17 6
v 18 6
v 19 5
v 20 6
v 21 6
e 0 5 2 0
e 0 1 2 1
e 1 2 2 2
e 2 3 2 3
e 3 12 2 4
e 3 4 2 5
e 4 5 2 6
e 4 6 2 7
e 6 11 2 8
e 6 7 2 9
e 7 8 2 10
e 8 9 2 11
e 9 10 2 12
e 10 11 2 13
e 10 15 2 14
e 11 12 2 15
e 12 13 2 16
e 13 19 5 17
e 13 14 2 18
e 14 15 2 19
e 14 16 5 20
e 16 17 9 21
e 16 18 9 22
e 19 21 9 23
e 19 20 9 24
t # 73
v 0 2
v 1 2
v 2 2
v 3 2
v 4 2
v 5 2
v 6 2
v 7 2
v 8 2
v 9 2
v 10 2
v 11 2
v 12 5
v 13 6
v 14 6
v 15 5
v 16 6
v 17 6
v 18 5
v 19 6
v 20 6
v 21 5
v 22 6
v 23 6
e 0 5 2 0
e 0 1 2 1
e 1 2 2 2
e 2 21 5 3
e 2 3 2 4
e 3 18 5 5
e 3 4 2 6
e 4 5 2 7
e 5 6 2 8
e 6 11 2 9
e 6 7 2 10
e 7 8 2 11
e 8 9 2 12
e 9 15 5 13
e 9 10 2 14
e 10 11 2 15
e 11 12 5 16
e 12 13 9 17
e 12 14 9 18
e 15 17 9 19
e 15 16 9 20
e 18 19 9 21
e 18 20 9 22
e 21 22 9 23
e 21 23 9 24
t # 74
v 0 2
v 1 2
v 2 2
v 3 2
v 4 2
v 5 2
v 6 5
v 7 2
v 8 6
v 9 2
v 10 3
v 11 3
v 12 3
v 13 2
v 14 2
v 15 2
v 16 2
v 17 2
v 18 2
v 19 2
v 20 5
v 21 6
v 22 6
e 0 5 2 0
e 0 1 2 1
e 1 2 2 2
e 2 15 2 3
e 2 3 2 4
e 3 13 2 5
e 3 4 2 6
e 4 5 2 7
e 5 6 5 8
e 6 7 7 9
e 7 8 6 10
e 7 9 2 11
e 9 11 3 12
e 9 12 3 13
e 9 10 3 14
e 13 14 2 15
e 14 19 2 16
e 14 15 2 17
e 15 16 2 18
e 16 17 2 19
e 17 18 2 20
e 18 19 2 21
e 18 20 5 22
e 20 22 9 23
e 20 21 9 24
t # 75
v 0 2
v 1 2
v 2 2
v 3 2
v 4 2
v 5 2
v 6 5
v 7 2
v 8 2
v 9 2
v 10 2
v 11 2
v 12 2
v 13 2
v 14 5
v 15 6
v 16 6
e 0 5 2 0
e 0 1 2 1
e 1 2 2 2
e 2 3 2 3
e 2 9 2 4
e 3 7 2 5
e 3 4 2 6
e 4 5 2 7
e 5 6 5 8
e 7 8 2 9
e 8 13 2 10
e 8 9 2 11
e 9 10 2 12
e 10 11 2 13
e 11 12 2 14
e 12 13 2 15
e 12 14 5 16
e 14 15 9 17
e 14 16 9 18
t # 76
v 0 2
v 1 2
v 2 2
v 3 2
v 4 2
v 5 2
v 6 2
v 7 2
v 8 2
v 9 2
v 10 2
v 11 2
v 12 2
v 13 2
v 14 5
v 15 6
v 16 6
e 0 5 2 0
e 0 1 2 1
e 1 2 2 2
e 2 3 2 3
e 3 6 2 4
e 3 4 2 5
e 4 5 2 6
e 6 7 2 7
e 7 8 2 8
e 8 13 2 9
e 8 9 2 10
e 9 10 2 11
e 10 11 2 12
e 11 12 2 13
e 11 14 5 14
e 12 13 2 15
e 14 15 9 16
e 14 16 9 17
t # 77
v 0 2
v 1 2
v 2 2
v 3 2
v 4 2
v 5 2
v 6 5
v 7 6
v 8 6
v 9 2
v 10 2
v 11 2
v 12 2
v 13 2
v 14 2
v 15 2
v 16 0
e 0 5 2 0
e 0 1 2 1
e 1 2 2 2
e 2 11 2 3
e 2 3 2 4
e 3 9 2 5
e 3 4 2 6
e 4 5 2 7
e 5 6 5 8
e 6 8 9 9
e 6 7 9 10
e 9 10 2 11
e 10 11 2 12
e 10 15 2 13
e 11 12 2 14
e 12 13 2 15
e 13 14 2 16
e 14 15 2 17
e 14 16 0 18
t # 78
v 0 2
v 1 2
v 2 2
v 3 2
v 4 2
v 5 2
v 6 2
v 7 2
v 8 2
v 9 2
v 10 2
v 11 2
v 12 2
v 13 2
v 14 2
v 15 2
v 16 5
v 17 6
v 18 6
e 0 5 2 0
e 0 1 2 1
e 1 2 2 2
e 2 3 2 3
e 3 12 2 4
e 3 4 2 5
e 4 5 2 6
e 4 6 2 7
e 6 11 2 8
e 6 7 2 9
e 7 8 2 10
e 8 9 2 11
e 9 10 2 12
e 10 11 2 13
e 10 15 2 14
e 11 12 2 15
e 12 13 2 16
e 13 14 2 17
e 14 15 2 18
e 14 16 5 19
e 16 17 9 20
e 16 18 9 21
t # 79
v 0 2
v 1 2
v 2 2
v 3 2
v 4 2
v 5 2
v 6 2
v 7 2
v 8 2
v 9 2
v 10 2
v 11 2
v 12 2
v 13 2
v 14 5
v 15 6
v 16 6
e 0 5 2 0
e 0 1 2 1
e 1 2 2 2
e 2 3 2 3
e 3 9 2 4
e 3 4 2 5
e 4 5 2 6
e 4 6 2 7
e 6 7 2 8
e 7 8 2 9
e 8 13 2 10
e 8 9 2 11
e 9 10 2 12
e 10 11 2 13
e 11 12 2 14
e 12 13 2 15
e 12 14 5 16
e 14 15 9 17
e 14 16 9 18
t # 80
v 0 2
v 1 2
v 2 2
v 3 2
v 4 2
v 5 2
v 6 5
v 7 6
v 8 6
v 9 5
v 10 6
v 11 6
e 0 5 2 0
e 0 1 2 1
e 1 2 2 2
e 2 3 2 3
e 2 9 5 4
e 3 4 2 5
e 4 5 2 6
e 5 6 5 7
e 6 8 9 8
e 6 7 9 9
e 9 11 9 10
e 9 10 9 11
t # 81
v 0 2
v 1 2
v 2 2
v 3 2
v 4 2
v 5 2
v 6 2
v 7 2
v 8 2
v 9 2
v 10 2
v 11 2
v 12 2
v 13 2
v 14 2
v 15 2
v 16 5
v 17 6
v 18 6
v 19 2
v 20 2
v 21 2
v 22 2
e 0 1 2 0
e 0 9 2 1
e 1 2 2 2
e 2 7 2 3
e 2 3 2 4
e 3 4 2 5
e 4 22 2 6
e 4 5 2 7
e 5 19 2 8
e 5 6 2 9
e 6 15 2 10
e 6 7 2 11
e 7 8 2 12
e 8 13 2 13
e 8 9 2 14
e 9 10 2 15
e 10 11 2 16
e 11 12 2 17
e 12 13 2 18
e 12 16 5 19
e 13 14 2 20
e 14 15 2 21
e 16 17 9 22
e 16 18 9 23
e 19 20 2 24
e 20 21 2 25
e 21 22 2 26
t # 82
v 0 2
v 1 2
v 2 2
v 3 2
v 4 2
v 5 2
v 6 2
v 7 2
v 8 2
v 9 2
v 10 2
v 11 2
v 12 2
v 13 2
v 14 5
v 15 6
v 16 6
v 17 2
v 18 2
v 19 5
v 20 6
v 21 6
e 0 5 2 0
e 0 1 2 1
e 1 19 5 2
e 1 2 2 3
e 2 3 2 4
e 3 18 2 5
e 3 4 2 6
e 4 5 2 7
e 4 9 2 8
e 5 6 2 9
e 6 7 2 10
e 7 8 2 11
e 8 13 2 12
e 8 9 2 13
e 9 10 2 14
e 10 11 2 15
e 10 17 2 16
e 11 12 2 17
e 12 13 2 18
e 12 14 5 19
e 14 15 9 20
e 14 16 9 21
e 17 18 2 22
e 19 20 9 23
e 19 21 9 24
t # 83
v 0 2
v 1 2
v 2 2
v 3 2
v 4 2
v 5 2
v 6 2
v 7 2
v 8 2
v 9 2
v 10 2
v 11 2
v 12 2
v 13 2
v 14 5
v 15 6
v 16 6
e 0 13 2 0
e 0 1 2 1
e 1 2 2 2
e 2 3 2 3
e 3 12 2 4
e 3 4 2 5
e 4 5 2 6
e 5 6 2 7
e 5 10 2 8
e 6 7 2 9
e 7 8 2 10
e 7 14 5 11
e 8 9 2 12
e 9 10 2 13
e 10 11 2 14
e 11 12 2 15
e 12 13 2 16
e 14 16 9 17
e 14 15 9 18
t # 84
v 0 2
v 1 2
v 2 2
v 3 2
v 4 2
v 5 2
v 6 5
v 7 6
v 8 6
v 9 5
v 10 2
v 11 2
v 12 2
v 13 2
v 14 2
v 15 2
v 16 5
v 17 5
v 18 6
v 19 6
e 0 5 2 0
e 0 1 2 1
e 1 2 2 2
e 2 16 5 3
e 2 3 2 4
e 3 9 5 5
e 3 4 2 6
e 4 5 2 7
e 5 6 5 8
e 6 8 9 9
e 6 7 9 10
e 9 10 7 11
e 10 11 2 12
e 10 15 2 13
e 11 12 2 14
e 12 13 2 15
e 12 17 5 16
e 13 14 2 17
e 14 15 2 18
e 15 16 5 19
e 17 19 9 20
e 17 18 9 21
t # 85
v 0 2
v 1 2
v 2 2
v 3 2
v 4 2
v 5 2
v 6 2
v 7 2
v 8 2
v 9 2
v 10 2
v 11 2
v 12 2
v 13 2
v 14 2
v 15 2
v 16 5
v 17 6
v 18 6
e 0 5 2 0
e 0 1 2 1
e 1 2 2 2
e 2 3 2 3
e 3 12 2 4
e 3 4 2 5
e 4 5 2 6
e 4 6 2 7
e 6 11 2 8
e 6 7 2 9
e 7 8 2 10
e 8 9 2 11
e 9 10 2 12
e 10 11 2 13
e 10 15 2 14
e 11 12 2 15
e 12 13 2 16
e 13 16 5 17
e 13 14 2 18
e 14 15 2 19
e 16 17 9 20
e 16 18 9 21
t # 86
v 0 2
v 1 2
v 2 2
v 3 2
v 4 2
v 5 2
v 6 2
v 7 2
v 8 5
v 9 6
v 10 6
v 11 2
v 12 2
v 13 5
v 14 6
v 15 6
e 0 12 2 0
e 0 1 2 1
e 1 2 2 2
e 2 7 2 3
e 2 3 2 4
e 3 11 2 5
e 3 4 2 6
e 4 5 2 7
e 5 6 2 8
e 6 7 2 9
e 7 8 5 10
e 8 10 9 11
e 8 9 9 12
e 11 12 2 13
e 11 13 5 14
e 13 15 9 15
e 13 14 9 16
t # 87
v 0 2
v 1 2
v 2 2
v 3 2
v 4 2
v 5 2
v 6 2
v 7 2
v 8 2
v 9 2
v 10 2
v 11 2
v 12 2
v 13 2
v 14 2
v 15 2
v 16 2
v 17 2
v 18 2
v 19 2
v 20 5
v 21 6
v 22 6
v 23 5
v 24 6
v 25 6
e 0 1 2 0
e 0 9 2 1
e 1 2 2 2
e 2 7 2 3
e 2 3 2 4
e 3 23 5 5
e 3 4 2 6
e 4 5 2 7
e 5 6 2 8
e 6 15 2 9
e 6 7 2 10
e 7 8 2 11
e 8 13 2 12
e 8 9 2 13
e 9 10 2 14
e 10 11 2 15
e 11 12 2 16
e 12 13 2 17
e 12 20 5 18
e 13 14 2 19
e 14 19 2 20
e 14 15 2 21
e 15 16 2 22
e 16 17 2 23
e 17 18 2 24
e 18 19 2 25
e 20 22 9 26
e 20 21 9 27
e 23 25 9 28
e 23 24 9 29
t # 88
v 0 2
v 1 2
v 2 2
v 3 2
v 4 2
v 5 2
v 6 2
v 7 2
v 8 2
v 9 2
v 10 2
v 11 2
v 12 2
v 13 2
v 14 2
v 15 2
v 16 2
v 17 2
v 18 2
v 19 2
v 20 5
v 21 6
v 22 6
v 23 5
v 24 6
v 25 6
e 0 13 2 0
e 0 1 2 1
e 1 2 2 2
e 2 11 2 3
e 2 3 2 4
e 3 4 2 5
e 4 5 2 6
e 5 6 2 7
e 5 10 2 8
e 6 23 5 9
e 6 7 2 10
e 7 8 2 11
e 8 20 5 12
e 8 9 2 13
e 9 15 2 14
e 9 10 2 15
e 10 11 2 16
e 11 12 2 17
e 12 13 2 18
e 12 14 2 19
e 14 19 2 20
e 14 15 2 21
e 15 16 2 22
e 16 17 2 23
e 17 18 2 24
e 18 19 2 25
e 20 22 9 26
e 20 21 9 27
e 23 25 9 28
e 23 24 9 29
t # 89
v 0 2
v 1 2
v 2 2
v 3 2
v 4 2
v 5 2
v 6 5
v 7 6
v 8 6
v 9 2
v 10 2
v 11 2
v 12 2
v 13 2
v 14 2
v 15 2
v 16 5
v 17 6
v 18 6
e 0 5 2 0
e 0 1 2 1
e 1 2 2 2
e 2 11 2 3
e 2 3 2 4
e 3 9 2 5
e 3 4 2 6
e 4 5 2 7
e 5 6 5 8
e 6 8 9 9
e 6 7 9 10
e 9 10 2 11
e 10 11 2 12
e 10 15 2 13
e 11 12 2 14
e 12 13 2 15
e 13 14 2 16
e 14 15 2 17
e 14 16 5 18
e 16 17 9 19
e 16 18 9 20
t # 90
v 0 2
v 1 2
v 2 2
v 3 2
v 4 2
v 5 2
v 6 5
v 7 6
v 8 6
v 9 6
v 10 2
v 11 2
v 12 2
v 13 2
v 14 2
v 15 2
v 16 6
v 17 1
v 18 1
e 0 5 2 0
e 0 1 2 1
e 1 2 2 2
e 2 16 6 3
e 2 3 2 4
e 3 9 6 5
e 3 4 2 6
e 4 5 2 7
e 5 6 5 8
e 6 8 9 9
e 6 7 9 10
e 9 10 10 11
e 10 11 2 12
e 10 15 2 13
e 11 12 2 14
e 12 13 2 15
e 12 18 1 16
e 13 17 1 17
e 13 14 2 18
e 14 15 2 19
e 15 16 6 20
t # 91
v 0 2
v 1 2
v 2 2
v 3 2
v 4 2
v 5 2
v 6 5
v 7 2
v 8 2
v 9 2
v 10 2
v 11 2
v 12 2
v 13 5
v 14 5
v 15 6
v 16 6
e 0 5 2 0
e 0 1 2 1
e 1 2 2 2
e 2 3 2 3
e 3 13 5 4
e 3 4 2 5
e 4 5 2 6
e 4 6 5 7
e 6 7 7 8
e 7 8 2 9
e 7 12 2 10
e 8 9 2 11
e 9 10 2 12
e 10 11 2 13
e 10 14 5 14
e 11 12 2 15
e 12 13 5 16
e 14 15 9 17
e 14 16 9 18
t # 92
v 0 2
v 1 2
v 2 2
v 3 2
v 4 2
v 5 2
v 6 2
v 7 2
v 8 2
v 9 2
v 10 2
v 11 2
v 12 5
v 13 6
v 14 6
v 15 5
v 16 6
v 17 6
v 18 5
v 19 6
v 20 6
e 0 5 2 0
e 0 1 2 1
e 1 2 2 2
e 2 18 5 3
e 2 3 2 4
e 3 4 2 5
e 4 5 2 6
e 5 6 2 7
e 6 11 2 8
e 6 7 2 9
e 7 8 2 10
e 8 9 2 11
e 9 15 5 12
e 9 10 2 13
e 10 11 2 14
e 11 12 5 15
e 12 13 9 16
e 12 14 9 17
e 15 17 9 18
e 15 16 9 19
e 18 19 9 20
e 18 20 9 21
t # 93
v 0 2
v 1 2
v 2 2
v 3 2
v 4 2
v 5 2
v 6 2
v 7 2
v 8 2
v 9 2
v 10 2
v 11 2
v 12 2
v 13 5
v 14 6
v 15 6
v 16 2
v 17 2
v 18 2
v 19 2
v 20 2
v 21 2
v 22 2
v 23 6
v 24 6
e 0 1 2 0
e 0 9 2 1
e 1 2 2 2
e 2 18 2 3
e 2 3 2 4
e 3 8 2 5
e 3 4 2 6
e 4 5 2 7
e 4 16 2 8
e 5 6 2 9
e 6 7 2 10
e 7 8 2 11
e 7 12 2 12
e 8 9 2 13
e 9 10 2 14
e 10 11 2 15
e 11 12 2 16
e 12 13 5 17
e 13 15 9 18
e 13 14 9 19
e 16 17 2 20
e 17 22 2 21
e 17 18 2 22
e 18 19 2 23
e 19 20 2 24
e 19 24 6 25
e 20 23 6 26
e 20 21 2 27
e 21 22 2 28
t # 94
v 0 2
v 1 2
v 2 2
v 3 2
v 4 2
v 5 2
v 6 2
v 7 2
v 8 2
v 9 2
v 10 2
v 11 2
v 12 2
v 13 2
v 14 2
v 15 2
v 16 2
v 17 2
v 18 2
v 19 2
v 20 5
v 21 6
v 22 6
e 0 5 2 0
e 0 1 2 1
e 1 2 2 2
e 2 3 2 3
e 3 9 2 4
e 3 4 2 5
e 4 5 2 6
e 4 6 2 7
e 6 7 2 8
e 7 8 2 9
e 8 13 2 10
e 8 9 2 11
e 9 10 2 12
e 10 11 2 13
e 10 19 2 14
e 11 12 2 15
e 11 17 2 16
e 12 13 2 17
e 12 14 2 18
e 14 15 2 19
e 15 16 2 20
e 16 17 2 21
e 17 18 2 22
e 18 19 2 23
e 18 20 5 24
e 20 22 9 25
e 20 21 9 26
t # 95
v 0 2
v 1 2
v 2 2
v 3 2
v 4 2
v 5 2
v 6 2
v 7 2
v 8 2
v 9 2
v 10 5
v 11 6
v 12 6
v 13 5
v 14 6
v 15 6
v 16 5
v 17 6
v 18 6
e 0 1 2 0
e 0 9 2 1
e 1 2 2 2
e 2 7 2 3
e 2 3 2 4
e 3 4 2 5
e 4 5 2 6
e 4 16 5 7
e 5 6 2 8
e 6 13 5 9
e 6 7 2 10
e 7 8 2 11
e 8 10 5 12
e 8 9 2 13
e 10 11 9 14
e 10 12 9 15
e 13 15 9 16
e 13 14 9 17
e 16 17 9 18
e 16 18 9 19
t # 96
v 0 2
v 1 2
v 2 2
v 3 2
v 4 2
v 5 2
v 6 5
v 7 6
v 8 6
v 9 2
v 10 2
v 11 2
v 12 2
v 13 2
v 14 2
v 15 2
v 16 1
e 0 5 2 0
e 0 1 2 1
e 1 2 2 2
e 2 11 2 3
e 2 3 2 4
e 3 9 2 5
e 3 4 2 6
e 4 5 2 7
e 5 6 5 8
e 6 8 9 9
e 6 7 9 10
e 9 10 2 11
e 10 11 2 12
e 10 15 2 13
e 11 12 2 14
e 12 13 2 15
e 13 14 2 16
e 14 15 2 17
e 14 16 1 18
t # 97
v 0 2
v 1 2
v 2 2
v 3 6
v 4 2
v 5 2
v 6 2
v 7 2
v 8 6
v 9 5
v 10 5
v 11 2
v 12 2
v 13 2
v 14 2
v 15 2
v 16 6
v 17 5
v 18 6
v 19 6
v 20 5
v 21 6
v 22 6
e 0 1 2 0
e 0 4 2 1
e 1 2 2 2
e 2 20 5 3
e 2 3 6 4
e 3 4 10 5
e 4 5 2 6
e 5 6 2 7
e 6 7 2 8
e 7 8 6 9
e 7 9 5 10
e 9 10 8 11
e 10 11 7 12
e 11 12 2 13
e 12 13 2 14
e 12 16 6 15
e 13 14 2 16
e 14 15 2 17
e 15 17 5 18
e 15 16 6 19
e 17 19 9 20
e 17 18 9 21
e 20 22 9 22
e 20 21 9 23
t # 98
v 0 2
v 1 2
v 2 2
v 3 2
v 4 2
v 5 2
v 6 5
v 7 6
v 8 6
v 9 2
v 10 6
v 11 2
v 12 2
v 13 2
v 14 2
v 15 2
v 16 2
v 17 5
v 18 6
v 19 6
e 0 5 2 0
e 0 1 2 1
e 1 2 2 2
e 2 12 2 3
e 2 3 2 4
e 3 9 2 5
e 3 4 2 6
e 4 5 2 7
e 5 6 5 8
e 6 8 9 9
e 6 7 9 10
e 9 11 2 11
e 9 10 6 12
e 11 12 2 13
e 11 16 2 14
e 12 13 2 15
e 13 14 2 16
e 14 15 2 17
e 15 17 5 18
e 15 16 2 19
e 17 19 9 20
e 17 18 9 21
t # 99
v 0 2
v 1 2
v 2 2
v 3 2
v 4 2
v 5 2
v 6 2
v 7 2
v 8 2
v 9 2
v 10 2
v 11 2
v 12 2
v 13 2
v 14 2
v 15 2
v 16 6
v 17 5
v 18 6
v 19 6
e 0 5 2 0
e 0 1 2 1
e 1 2 2 2
e 2 3 2 3
e 3 12 2 4
e 3 4 2 5
e 4 5 2 6
e 4 6 2 7
e 6 11 2 8
e 6 7 2 9
e 7 8 2 10
e 8 9 2 11
e 9 10 2 12
e 10 11 2 13
e 10 15 2 14
e 11 12 2 15
e 12 13 2 16
e 13 17 5 17
e 13 14 2 18
e 14 15 2 19
e 14 16 6 20
e 17 19 9 21
e 17 18 9 22
t # 100
v 0 2
v 1 2
v 2 2
v 3 2
v 4 2
v 5 2
v 6 2
v 7 2
v 8 2
v 9 2
v 10 2
v 11 2
v 12 2
v 13 2
v 14 2
v 15 2
v 16 2
v 17 2
v 18 2
v 19 2
v 20 5
v 21 6
v 22 6
e 0 5 2 0
e 0 1 2 1
e 1 2 2 2
e 2 3 2 3
e 3 17 2 4
e 3 4 2 5
e 4 5 2 6
e 4 6 2 7
e 6 7 2 8
e 7 8 2 9
e 7 16 2 10
e 8 9 2 11
e 9 10 2 12
e 10 11 2 13
e 10 15 2 14
e 11 12 2 15
e 11 20 5 16
e 12 13 2 17
e 13 14 2 18
e 14 19 2 19
e 14 15 2 20
e 15 16 2 21
e 16 17 2 22
e 17 18 2 23
e 18 19 2 24
e 20 22 9 25
e 20 21 9 26
t # 101
v 0 2
v 1 2
v 2 2
v 3 2
v 4 2
v 5 2
v 6 5
v 7 6
v 8 6
v 9 2
v 10 2
v 11 2
v 12 2
v 13 2
v 14 2
v 15 2
v 16 5
v 17 6
v 18 6
e 0 5 2 0
e 0 1 2 1
e 1 2 2 2
e 2 15 2 3
e 2 3 2 4
e 3 9 2 5
e 3 4 2 6
e 4 5 2 7
e 4 6 5 8
e 6 8 9 9
e 6 7 9 10
e 9 10 2 11
e 9 14 2 12
e 10 11 2 13
e 11 12 2 14
e 12 13 2 15
e 12 16 5 16
e 13 14 2 17
e 14 15 2 18
e 16 17 9 19
e 16 18 9 20
t # 102
v 0 2
v 1 2
v 2 2
v 3 2
v 4 2
v 5 2
v 6 2
v 7 2
v 8 2
v 9 2
v 10 2
v 11 2
v 12 2
v 13 2
v 14 2
v 15 2
v 16 5
v 17 6
v 18 6
v 19 5
v 20 6
v 21 6
v 22 5
v 23 6
v 24 6
v 25 5
v 26 6
v 27 6
e 0 1 2 0
e 0 9 2 1
e 1 2 2 2
e 2 7 2 3
e 2 3 2 4
e 3 25 5 5
e 3 4 2 6
e 4 5 2 7
e 5 22 5 8
e 5 6 2 9
e 6 15 2 10
e 6 7 2 11
e 7 8 2 12
e 8 13 2 13
e 8 9 2 14
e 9 10 2 15
e 10 11 2 16
e 10 19 5 17
e 11 12 2 18
e 12 13 2 19
e 12 16 5 20
e 13 14 2 21
e 14 15 2 22
e 16 17 9 23
e 16 18 9 24
e 19 20 9 25
e 19 21 9 26
e 22 23 9 27
e 22 24 9 28
e 25 27 9 29
e 25 26 9 30
t # 103
v 0 2
v 1 2
v 2 2
v 3 2
v 4 2
v 5 2
v 6 2
v 7 2
v 8 2
v 9 2
v 10 2
v 11 2
v 12 2
v 13 2
v 14 2
v 15 2
v 16 2
v 17 2
v 18 2
v 19 2
v 20 5
v 21 6
v 22 6
v 23 5
v 24 6
v 25 6
e 0 1 2 0
e 0 9 2 1
e 1 2 2 2
e 2 7 2 3
e 2 3 2 4
e 3 4 2 5
e 4 5 2 6
e 5 6 2 7
e 5 23 5 8
e 6 15 2 9
e 6 7 2 10
e 7 8 2 11
e 8 13 2 12
e 8 9 2 13
e 9 10 2 14
e 10 11 2 15
e 11 12 2 16
e 12 13 2 17
e 12 20 5 18
e 13 14 2 19
e 14 19 2 20
e 14 15 2 21
e 15 16 2 22
e 16 17 2 23
e 17 18 2 24
e 18 19 2 25
e 20 22 9 26
e 20 21 9 27
e 23 25 9 28
e 23 24 9 29
t # 104
v 0 2
v 1 2
v 2 2
v 3 2
v 4 2
v 5 2
v 6 2
v 7 2
v 8 2
v 9 2
v 10 2
v 11 2
v 12 2
v 13 5
v 14 6
v 15 6
e 0 5 2 0
e 0 1 2 1
e 1 2 2 2
e 2 3 2 3
e 3 8 2 4
e 3 4 2 5
e 4 5 2 6
e 4 6 2 7
e 6 7 2 8
e 7 8 2 9
e 7 12 2 10
e 8 9 2 11
e 9 10 2 12
e 10 11 2 13
e 11 12 2 14
e 11 13 5 15
e 13 15 9 16
e 13 14 9 17
t # 105
v 0 2
v 1 2
v 2 2
v 3 2
v 4 2
v 5 2
v 6 2
v 7 2
v 8 2
v 9 2
v 10 2
v 11 2
v 12 2
v 13 2
v 14 2
v 15 2
v 16 2
v 17 2
v 18 2
v 19 2
v 20 5
v 21 6
v 22 6
e 0 1 2 0
e 0 9 2 1
e 1 2 2 2
e 2 7 2 3
e 2 3 2 4
e 3 4 2 5
e 4 5 2 6
e 5 6 2 7
e 6 11 2 8
e 6 7 2 9
e 7 8 2 10
e 8 10 2 11
e 8 9 2 12
e 10 11 2 13
e 10 19 2 14
e 11 12 2 15
e 12 13 2 16
e 13 18 2 17
e 13 14 2 18
e 14 15 2 19
e 15 16 2 20
e 15 20 5 21
e 16 17 2 22
e 17 18 2 23
e 18 19 2 24
e 20 22 9 25
e 20 21 9 26
t # 106
v 0 2
v 1 2
v 2 2
v 3 2
v 4 2
v 5 2
v 6 2
v 7 2
v 8 2
v 9 2
v 10 2
v 11 2
v 12 5
v 13 6
v 14 6
v 15 5
v 16 6
v 17 6
e 0 5 2 0
e 0 1 2 1
e 1 2 2 2
e 2 15 5 3
e 2 3 2 4
e 3 4 2 5
e 4 5 2 6
e 5 6 2 7
e 6 11 2 8
e 6 7 2 9
e 7 8 2 10
e 8 9 2 11
e 9 12 5 12
e 9 10 2 13
e 10 11 2 14
e 12 13 9 15
e 12 14 9 16
e 15 17 9 17
e 15 16 9 18
t # 107
v 0 2
v 1 2
v 2 2
v 3 2
v 4 2
v 5 2
v 6 6
v 7 2
v 8 2
v 9 2
v 10 2
v 11 2
v 12 2
v 13 6
v 14 5
v 15 6
v 16 6
e 0 5 2 0
e 0 1 2 1
e 1 2 2 2
e 2 3 2 3
e 3 13 6 4
e 3 4 2 5
e 4 5 2 6
e 4 6 6 7
e 6 7 10 8
e 7 8 2 9
e 7 12 2 10
e 8 9 2 11
e 9 10 2 12
e 10 11 2 13
e 10 14 5 14
e 11 12 2 15
e 12 13 6 16
e 14 15 9 17
e 14 16 9 18
t # 108
v 0 2
v 1 2
v 2 2
v 3 2
v 4 2
v 5 2
v 6 2
v 7 2
v 8 2
v 9 2
v 10 2
v 11 2
v 12 2
v 13 2
v 14 2
v 15 2
v 16 5
v 17 6
v 18 6
e 0 1 2 0
e 0 9 2 1
e 1 2 2 2
e 2 7 2 3
e 2 3 2 4
e 3 4 2 5
e 4 5 2 6
e 5 6 2 7
e 6 11 2 8
e 6 7 2 9
e 7 8 2 10
e 8 10 2 11
e 8 9 2 12
e 10 11 2 13
e 10 15 2 14
e 11 12 2 15
e 12 13 2 16
e 12 16 5 17
e 13 14 2 18
e 14 15 2 19
e 16 17 9 20
e 16 18 9 21
t # 109
v 0 2
v 1 2
v 2 2
v 3 2
v 4 2
v 5 2
v 6 5
v 7 6
v 8 6
v 9 5
v 10 6
v 11 6
e 0 5 2 0
e 0 1 2 1
e 1 2 2 2
e 2 3 2 3
e 2 9 5 4
e 3 4 2 5
e 4 5 2 6
e 4 6 5 7
e 6 8 9 8
e 6 7 9 9
e 9 11 9 10
e 9 10 9 11
t # 110
v 0 2
v 1 2
v 2 2
v 3 2
v 4 2
v 5 2
v 6 2
v 7 2
v 8 2
v 9 2
v 10 2
v 11 2
v 12 2
v 13 2
v 14 2
v 15 2
v 16 5
v 17 6
v 18 6
v 19 5
v 20 6
v 21 6
v 22 5
v 23 6
v 24 6
e 0 5 2 0
e 0 1 2 1
e 1 2 2 2
e 2 3 2 3
e 3 12 2 4
e 3 4 2 5
e 4 5 2 6
e 4 6 2 7
e 6 11 2 8
e 6 7 2 9
e 7 8 2 10
e 8 9 2 11
e 9 22 5 12
e 9 10 2 13
e 10 11 2 14
e 10 15 2 15
e 11 12 2 16
e 12 13 2 17
e 13 19 5 18
e 13 14 2 19
e 14 15 2 20
e 14 16 5 21
e 16 17 9 22
e 16 18 9 23
e 19 21 9 24
e 19 20 9 25
e 22 23 9 26
e 22 24 9 27
t # 111
v 0 2
v 1 2
v 2 2
v 3 2
v 4 5
v 5 2
v 6 2
v 7 2
v 8 2
v 9 2
v 10 2
v 11 2
v 12 2
v 13 5
v 14 6
v 15 6
e 0 12 2 0
e 0 1 2 1
e 1 2 2 2
e 2 3 2 3
e 3 11 2 4
e 3 4 5 5
e 4 5 7 6
e 5 6 2 7
e 5 10 2 8
e 6 7 2 9
e 7 8 2 10
e 7 13 5 11
e 8 9 2 12
e 9 10 2 13
e 10 11 2 14
e 11 12 2 15
e 13 15 9 16
e 13 14 9 17
t # 112
v 0 2
v 1 2
v 2 2
v 3 2
v 4 2
v 5 2
v 6 2
v 7 2
v 8 2
v 9 2
v 10 2
v 11 2
v 12 2
v 13 2
v 14 2
v 15 2
v 16 2
v 17 2
v 18 2
v 19 2
v 20 5
v 21 6
v 22 6
e 0 5 2 0
e 0 1 2 1
e 1 2 2 2
e 2 3 2 3
e 3 17 2 4
e 3 4 2 5
e 4 5 2 6
e 4 6 2 7
e 6 7 2 8
e 7 8 2 9
e 7 16 2 10
e 8 13 2 11
e 8 9 2 12
e 9 10 2 13
e 10 11 2 14
e 11 12 2 15
e 12 13 2 16
e 13 14 2 17
e 14 15 2 18
e 15 19 2 19
e 15 16 2 20
e 16 17 2 21
e 17 18 2 22
e 18 19 2 23
e 19 20 5 24
e 20 22 9 25
e 20 21 9 26
t # 113
v 0 2
v 1 2
v 2 2
v 3 2
v 4 2
v 5 2
v 6 2
v 7 2
v 8 2
v 9 2
v 10 2
v 11 2
v 12 2
v 13 2
v 14 2
v 15 2
v 16 2
v 17 2
v 18 2
v 19 2
v 20 5
v 21 6
v 22 6
e 0 17 2 0
e 0 1 2 1
e 1 2 2 2
e 2 3 2 3
e 3 16 2 4
e 3 4 2 5
e 4 5 2 6
e 5 6 2 7
e 5 14 2 8
e 6 11 2 9
e 6 7 2 10
e 7 8 2 11
e 8 9 2 12
e 9 10 2 13
e 10 11 2 14
e 10 19 2 15
e 11 12 2 16
e 12 13 2 17
e 12 18 2 18
e 13 14 2 19
e 14 15 2 20
e 15 16 2 21
e 16 17 2 22
e 18 19 2 23
e 18 20 5 24
e 20 22 9 25
e 20 21 9 26
t # 114
v 0 2
v 1 2
v 2 2
v 3 2
v 4 2
v 5 2
v 6 2
v 7 2
v 8 2
v 9 2
v 10 2
v 11 2
v 12 6
v 13 5
v 14 6
v 15 6
e 0 5 2 0
e 0 1 2 1
e 1 2 2 2
e 2 3 2 3
e 3 12 6 4
e 3 4 2 5
e 4 5 2 6
e 4 6 2 7
e 6 11 2 8
e 6 7 2 9
e 7 8 2 10
e 8 13 5 11
e 8 9 2 12
e 9 10 2 13
e 10 11 2 14
e 11 12 6 15
e 13 15 9 16
e 13 14 9 17
t # 115
v 0 2
v 1 2
v 2 6
v 3 6
v 4 2
v 5 2
v 6 2
v 7 2
v 8 2
v 9 2
v 10 2
v 11 2
v 12 2
v 13 2
v 14 2
v 15 2
v 16 2
v 17 5
v 18 6
v 19 6
e 0 1 2 0
e 1 2 6 1
e 1 3 6 2
e 3 4 10 3
e 4 5 2 4
e 4 9 2 5
e 5 6 2 6
e 6 7 2 7
e 7 8 2 8
e 7 12 2 9
e 8 10 2 10
e 8 9 2 11
e 10 11 2 12
e 11 12 2 13
e 11 16 2 14
e 12 13 2 15
e 13 14 2 16
e 14 15 2 17
e 15 17 5 18
e 15 16 2 19
e 17 19 9 20
e 17 18 9 21
t # 116
v 0 2
v 1 2
v 2 2
v 3 2
v 4 2
v 5 2
v 6 2
v 7 2
v 8 2
v 9 2
v 10 2
v 11 2
v 12 2
v 13 2
v 14 2
v 15 2
v 16 2
v 17 2
v 18 2
v 19 2
v 20 5
v 21 6
v 22 6
e 0 5 2 0
e 0 1 2 1
e 1 2 2 2
e 2 3 2 3
e 3 13 2 4
e 3 4 2 5
e 4 5 2 6
e 4 6 2 7
e 6 11 2 8
e 6 7 2 9
e 7 8 2 10
e 8 9 2 11
e 9 10 2 12
e 10 11 2 13
e 10 19 2 14
e 11 12 2 15
e 12 13 2 16
e 12 17 2 17
e 13 14 2 18
e 14 15 2 19
e 14 20 5 20
e 15 16 2 21
e 16 17 2 22
e 17 18 2 23
e 18 19 2 24
e 20 22 9 25
e 20 21 9 26
t # 117
v 0 2
v 1 2
v 2 2
v 3 2
v 4 2
v 5 2
v 6 2
v 7 2
v 8 2
v 9 2
v 10 2
v 11 2
v 12 2
v 13 2
v 14 2
v 15 2
v 16 5
v 17 6
v 18 6
v 19 2
v 20 2
v 21 2
v 22 2
v 23 6
v 24 6
e 0 1 2 0
e 0 9 2 1
e 1 2 2 2
e 2 7 2 3
e 2 3 2 4
e 3 22 2 5
e 3 4 2 6
e 4 19 2 7
e 4 5 2 8
e 5 6 2 9
e 6 15 2 10
e 6 7 2 11
e 7 8 2 12
e 8 13 2 13
e 8 9 2 14
e 9 10 2 15
e 10 11 2 16
e 11 12 2 17
e 12 13 2 18
e 12 16 5 19
e 13 14 2 20
e 14 15 2 21
e 16 17 9 22
e 16 18 9 23
e 19 20 2 24
e 19 24 6 25
e 20 23 6 26
e 20 21 2 27
e 21 22 2 28
t # 118
v 0 2
v 1 2
v 2 2
v 3 2
v 4 2
v 5 2
v 6 2
v 7 2
v 8 2
v 9 2
v 10 2
v 11 2
v 12 2
v 13 2
v 14 5
v 15 6
v 16 6
v 17 2
v 18 2
e 0 5 2 0
e 0 1 2 1
e 1 2 2 2
e 2 18 2 3
e 2 3 2 4
e 3 9 2 5
e 3 4 2 6
e 4 5 2 7
e 4 6 2 8
e 6 7 2 9
e 7 8 2 10
e 8 13 2 11
e 8 9 2 12
e 9 10 2 13
e 10 11 2 14
e 10 17 2 15
e 11 12 2 16
e 12 13 2 17
e 12 14 5 18
e 14 15 9 19
e 14 16 9 20
e 17 18 2 21
t # 119
v 0 2
v 1 2
v 2 2
v 3 2
v 4 2
v 5 2
v 6 2
v 7 2
v 8 2
v 9 2
v 10 2
v 11 2
v 12 2
v 13 2
v 14 2
v 15 2
v 16 2
v 17 2
v 18 2
v 19 2
v 20 5
v 21 6
v 22 6
e 0 5 2 0
e 0 1 2 1
e 1 2 2 2
e 2 3 2 3
e 3 13 2 4
e 3 4 2 5
e 4 5 2 6
e 4 6 2 7
e 6 11 2 8
e 6 7 2 9
e 7 8 2 10
e 8 9 2 11
e 9 10 2 12
e 10 11 2 13
e 10 19 2 14
e 11 12 2 15
e 12 13 2 16
e 12 17 2 17
e 13 14 2 18
e 14 15 2 19
e 15 16 2 20
e 16 17 2 21
e 16 20 5 22
e 17 18 2 23
e 18 19 2 24
e 20 22 9 25
e 20 21 9 26
t # 120
v 0 2
v 1 2
v 2 2
v 3 2
v 4 2
v 5 2
v 6 2
v 7 2
v 8 2
v 9 2
v 10 2
v 11 2
v 12 2
v 13 2
v 14 2
v 15 2
v 16 5
v 17 6
v 18 6
e 0 13 2 0
e 0 1 2 1
e 1 2 2 2
e 2 11 2 3
e 2 3 2 4
e 3 4 2 5
e 4 5 2 6
e 5 6 2 7
e 5 10 2 8
e 6 7 2 9
e 7 8 2 10
e 8 9 2 11
e 9 15 2 12
e 9 10 2 13
e 10 11 2 14
e 11 12 2 15
e 12 13 2 16
e 12 14 2 17
e 14 15 2 18
e 15 16 5 19
e 16 17 9 20
e 16 18 9 21
t # 121
v 0 2
v 1 2
v 2 2
v 3 2
v 4 2
v 5 2
v 6 2
v 7 2
v 8 2
v 9 2
v 10 5
v 11 6
v 12 6
v 13 5
v 14 6
v 15 6
v 16 5
v 17 6
v 18 6
e 0 1 2 0
e 0 9 2 1
e 1 2 2 2
e 2 7 2 3
e 2 3 2 4
e 3 4 2 5
e 4 5 2 6
e 4 16 5 7
e 5 13 5 8
e 5 6 2 9
e 6 7 2 10
e 7 8 2 11
e 8 10 5 12
e 8 9 2 13
e 10 11 9 14
e 10 12 9 15
e 13 15 9 16
e 13 14 9 17
e 16 17 9 18
e 16 18 9 19
t # 122
v 0 2
v 1 2
v 2 2
v 3 2
v 4 2
v 5 2
v 6 2
v 7 2
v 8 2
v 9 2
v 10 2
v 11 2
v 12 2
v 13 2
v 14 2
v 15 2
v 16 5
v 17 6
v 18 6
v 19 5
v 20 6
v 21 6
v 22 5
v 23 6
v 24 6
e 0 1 2 0
e 0 9 2 1
e 1 2 2 2
e 2 7 2 3
e 2 3 2 4
e 3 22 5 5
e 3 4 2 6
e 4 5 2 7
e 5 19 5 8
e 5 6 2 9
e 6 15 2 10
e 6 7 2 11
e 7 8 2 12
e 8 13 2 13
e 8 9 2 14
e 9 10 2 15
e 10 11 2 16
e 11 12 2 17
e 12 13 2 18
e 12 16 5 19
e 13 14 2 20
e 14 15 2 21
e 16 17 9 22
e 16 18 9 23
e 19 21 9 24
e 19 20 9 25
e 22 23 9 26
e 22 24 9 27
t # 123
v 0 2
v 1 6
v 2 2
v 3 2
v 4 2
v 5 2
v 6 2
v 7 2
v 8 2
v 9 2
v 10 2
v 11 2
v 12 2
v 13 2
v 14 2
v 15 5
v 16 6
v 17 6
e 0 1 6 0
e 1 2 10 1
e 2 7 2 2
e 2 3 2 3
e 3 4 2 4
e 4 5 2 5
e 5 6 2 6
e 5 10 2 7
e 6 8 2 8
e 6 7 2 9
e 8 9 2 10
e 9 14 2 11
e 9 10 2 12
e 10 11 2 13
e 11 12 2 14
e 12 13 2 15
e 13 15 5 16
e 13 14 2 17
e 15 17 9 18
e 15 16 9 19
t # 124
v 0 2
v 1 2
v 2 2
v 3 2
v 4 2
v 5 2
v 6 2
v 7 2
v 8 2
v 9 2
v 10 2
v 11 2
v 12 5
v 13 6
v 14 6
e 0 1 2 0
e 0 9 2 1
e 1 2 2 2
e 2 7 2 3
e 2 3 2 4
e 3 4 2 5
e 4 5 2 6
e 5 6 2 7
e 6 11 2 8
e 6 7 2 9
e 7 8 2 10
e 8 10 2 11
e 8 9 2 12
e 10 11 2 13
e 11 12 5 14
e 12 13 9 15
e 12 14 9 16
t # 125
v 0 2
v 1 2
v 2 2
v 3 2
v 4 2
v 5 2
v 6 5
v 7 2
v 8 2
v 9 2
v 10 2
v 11 2
v 12 2
v 13 5
v 14 6
v 15 6
e 0 5 2 0
e 0 1 2 1
e 1 2 2 2
e 2 7 2 3
e 2 3 2 4
e 3 4 2 5
e 4 5 2 6
e 4 6 5 7
e 7 8 2 8
e 7 12 2 9
e 8 9 2 10
e 9 10 2 11
e 10 11 2 12
e 11 12 2 13
e 11 13 5 14
e 13 15 9 15
e 13 14 9 16
t # 126
v 0 2
v 1 2
v 2 2
v 3 2
v 4 2
v 5 2
v 6 5
v 7 6
v 8 6
v 9 2
v 10 2
v 11 2
v 12 2
v 13 2
v 14 2
v 15 5
v 16 6
v 17 6
v 18 5
v 19 6
v 20 6
v 21 5
v 22 6
v 23 6
e 0 5 2 0
e 0 1 2 1
e 1 2 2 2
e 2 21 5 3
e 2 3 2 4
e 3 9 2 5
e 3 4 2 6
e 4 5 2 7
e 4 6 5 8
e 6 8 9 9
e 6 7 9 10
e 9 10 2 11
e 9 14 2 12
e 10 11 2 13
e 11 12 2 14
e 12 13 2 15
e 12 18 5 16
e 13 14 2 17
e 14 15 5 18
e 15 17 9 19
e 15 16 9 20
e 18 19 9 21
e 18 20 9 22
e 21 22 9 23
e 21 23 9 24
t # 127
v 0 2
v 1 2
v 2 2
v 3 2
v 4 2
v 5 2
v 6 2
v 7 6
v 8 5
v 9 6
v 10 6
e 0 5 2 0
e 0 1 2 1
e 1 2 2 2
e 2 8 5 3
e 2 3 2 4
e 3 4 2 5
e 4 5 2 6
e 5 6 2 7
e 6 7 6 8
e 8 10 9 9
e 8 9 9 10
t # 128
v 0 2
v 1 2
v 2 2
v 3 2
v 4 2
v 5 2
v 6 5
v 7 6
v 8 6
v 9 5
v 10 6
v 11 6
v 12 5
e 0 5 2 0
e 0 1 2 1
e 1 2 2 2
e 2 12 5 3
e 2 3 2 4
e 3 9 5 5
e 3 4 2 6
e 4 5 2 7
e 5 6 5 8
e 6 8 9 9
e 6 7 9 10
e 9 11 9 11
e 9 10 9 12
t # 129
v 0 2
v 1 2
v 2 2
v 3 2
v 4 2
v 5 2
v 6 2
v 7 2
v 8 2
v 9 2
v 10 2
v 11 2
v 12 5
v 13 6
v 14 6
v 15 5
e 0 5 2 0
e 0 1 2 1
e 1 2 2 2
e 2 3 2 3
e 3 15 5 4
e 3 4 2 5
e 4 5 2 6
e 4 6 2 7
e 6 11 2 8
e 6 7 2 9
e 7 8 2 10
e 8 9 2 11
e 9 12 5 12
e 9 10 2 13
e 10 11 2 14
e 12 13 9 15
e 12 14 9 16
t # 130
v 0 2
v 1 2
v 2 2
v 3 2
v 4 2
v 5 2
v 6 5
v 7 6
v 8 6
v 9 3
e 0 5 2 0
e 0 1 2 1
e 1 2 2 2
e 2 9 3 3
e 2 3 2 4
e 3 4 2 5
e 4 5 2 6
e 5 6 5 7
e 6 8 9 8
e 6 7 9 9
t # 131
v 0 2
v 1 2
v 2 2
v 3 2
v 4 2
v 5 2
v 6 2
v 7 2
v 8 2
v 9 2
v 10 2
v 11 2
v 12 5
v 13 6
v 14 6
v 15 5
v 16 6
v 17 6
v 18 5
v 19 6
v 20 6
e 0 5 2 0
e 0 1 2 1
e 1 2 2 2
e 2 3 2 3
e 3 18 5 4
e 3 4 2 5
e 4 5 2 6
e 4 6 2 7
e 6 11 2 8
e 6 7 2 9
e 7 8 2 10
e 8 9 2 11
e 9 15 5 12
e 9 10 2 13
e 10 11 2 14
e 11 12 5 15
e 12 13 9 16
e 12 14 9 17
e 15 17 9 18
e 15 16 9 19
e 18 19 9 20
e 18 20 9 21
t # 132
v 0 2
v 1 5
v 2 2
v 3 2
v 4 2
v 5 2
v 6 2
v 7 2
v 8 2
v 9 5
v 10 5
v 11 6
v 12 6
e 0 1 5 0
e 1 2 7 1
e 1 9 8 2
e 2 7 2 3
e 2 3 2 4
e 3 4 2 5
e 4 5 2 6
e 5 6 2 7
e 5 10 5 8
e 6 7 2 9
e 7 8 2 10
e 8 9 5 11
e 10 11 9 12
e 10 12 9 13
t # 133
v 0 2
v 1 2
v 2 2
v 3 2
v 4 2
v 5 2
v 6 2
v 7 2
v 8 2
v 9 2
v 10 2
v 11 2
v 12 2
v 13 2
v 14 5
v 15 6
v 16 6
e 0 1 2 0
e 1 2 2 1
e 1 6 2 2
e 2 3 2 3
e 3 4 2 4
e 4 5 2 5
e 5 6 2 6
e 6 7 2 7
e 7 8 2 8
e 7 12 2 9
e 8 9 2 10
e 9 10 2 11
e 10 11 2 12
e 10 14 5 13
e 11 12 2 14
e 11 13 2 15
e 14 15 9 16
e 14 16 9 17
t # 134
v 0 2
v 1 2
v 2 2
v 3 2
v 4 2
v 5 2
v 6 3
v 7 3
v 8 5
v 9 6
v 10 6
e 0 5 2 0
e 0 1 2 1
e 1 2 2 2
e 2 8 5 3
e 2 3 2 4
e 3 7 3 5
e 3 4 2 6
e 4 5 2 7
e 5 6 3 8
e 8 10 9 9
e 8 9 9 10
t # 135
v 0 2
v 1 2
v 2 2
v 3 2
v 4 2
v 5 2
v 6 5
v 7 6
v 8 6
v 9 5
v 10 6
v 11 6
v 12 5
v 13 5
e 0 5 2 0
e 0 1 2 1
e 1 2 2 2
e 2 12 5 3
e 2 3 2 4
e 3 9 5 5
e 3 4 2 6
e 4 5 2 7
e 5 6 5 8
e 6 8 9 9
e 6 7 9 10
e 9 11 9 11
e 9 10 9 12
e 12 13 8 13
t # 136
v 0 2
v 1 6
v 2 2
v 3 2
v 4 2
v 5 2
v 6 2
v 7 2
v 8 5
v 9 6
v 10 6
e 0 1 6 0
e 1 2 10 1
e 2 7 2 2
e 2 3 2 3
e 3 4 2 4
e 4 5 2 5
e 5 6 2 6
e 6 7 2 7
e 7 8 5 8
e 8 10 9 9
e 8 9 9 10
t # 137
v 0 2
v 1 2
v 2 2
v 3 2
v 4 2
v 5 2
v 6 2
v 7 2
v 8 2
v 9 6
v 10 2
v 11 2
v 12 2
v 13 2
v 14 2
v 15 2
v 16 5
v 17 6
v 18 6
e 0 5 2 0
e 0 1 2 1
e 1 2 2 2
e 2 3 2 3
e 3 6 2 4
e 3 4 2 5
e 4 5 2 6
e 6 7 2 7
e 7 8 2 8
e 8 10 2 9
e 8 9 6 10
e 10 11 2 11
e 10 15 2 12
e 11 12 2 13
e 12 13 2 14
e 13 16 5 15
e 13 14 2 16
e 14 15 2 17
e 16 17 9 18
e 16 18 9 19
t # 138
v 0 2
v 1 2
v 2 2
v 3 2
v 4 2
v 5 2
v 6 2
v 7 6
v 8 5
v 9 6
v 10 6
e 0 5 2 0
e 0 1 2 1
e 1 2 2 2
e 2 3 2 3
e 3 8 5 4
e 3 4 2 5
e 4 5 2 6
e 4 6 2 7
e 6 7 6 8
e 8 10 9 9
e 8 9 9 10
t # 139
v 0 2
v 1 2
v 2 2
v 3 2
v 4 2
v 5 2
v 6 1
v 7 1
v 8 6
v 9 2
v 10 2
v 11 2
v 12 2
v 13 2
v 14 2
v 15 1
v 16 5
v 17 6
v 18 6
v 19 1
v 20 6
e 0 5 2 0
e 0 1 2 1
e 1 2 2 2
e 1 20 6 3
e 2 8 6 4
e 2 3 2 5
e 3 4 2 6
e 4 5 2 7
e 4 7 1 8
e 5 6 1 9
e 8 9 10 10
e 9 14 2 11
e 9 10 2 12
e 10 11 2 13
e 10 20 6 14
e 11 12 2 15
e 12 13 2 16
e 12 19 1 17
e 13 16 5 18
e 13 14 2 19
e 14 15 1 20
e 16 17 9 21
e 16 18 9 22
t # 140
v 0 2
v 1 2
v 2 2
v 3 2
v 4 2
v 5 2
v 6 5
v 7 6
v 8 6
v 9 1
v 10 3
e 0 5 2 0
e 0 1 2 1
e 1 2 2 2
e 2 3 2 3
e 2 10 3 4
e 3 4 2 5
e 3 9 1 6
e 4 5 2 7
e 5 6 5 8
e 6 8 9 9
e 6 7 9 10
t # 141
v 0 2
v 1 5
v 2 5
v 3 2
v 4 2
v 5 2
v 6 2
v 7 2
v 8 2
v 9 2
v 10 5
v 11 6
v 12 6
e 0 1 5 0
e 1 2 8 1
e 1 9 7 2
e 2 3 7 3
e 3 8 2 4
e 3 4 2 5
e 4 5 2 6
e 5 6 2 7
e 5 10 5 8
e 6 7 2 9
e 7 8 2 10
e 8 9 2 11
e 10 11 9 12
e 10 12 9 13
t # 142
v 0 2
v 1 2
v 2 2
v 3 2
v 4 2
v 5 2
v 6 1
v 7 5
v 8 6
v 9 6
v 10 5
e 0 5 2 0
e 0 1 2 1
e 1 2 2 2
e 2 3 2 3
e 2 10 5 4
e 3 7 5 5
e 3 4 2 6
e 4 5 2 7
e 5 6 1 8
e 7 8 9 9
e 7 9 9 10
t # 143
v 0 2
v 1 2
v 2 2
v 3 2
v 4 2
v 5 2
v 6 1
v 7 1
v 8 5
v 9 6
v 10 6
e 0 5 2 0
e 0 1 2 1
e 1 2 2 2
e 2 8 5 3
e 2 3 2 4
e 3 7 1 5
e 3 4 2 6
e 4 5 2 7
e 4 6 1 8
e 8 10 9 9
e 8 9 9 10
t # 144
v 0 2
v 1 2
v 2 2
v 3 2
v 4 2
v 5 2
v 6 6
v 7 2
v 8 2
v 9 2
v 10 2
v 11 2
v 12 2
v 13 6
v 14 1
v 15 1
v 16 1
v 17 5
v 18 6
v 19 6
e 0 5 2 0
e 0 1 2 1
e 1 17 5 2
e 1 2 2 3
e 2 16 1 4
e 2 3 2 5
e 3 4 2 6
e 4 13 6 7
e 4 5 2 8
e 5 6 6 9
e 6 7 10 10
e 7 8 2 11
e 7 12 2 12
e 8 9 2 13
e 9 15 1 14
e 9 10 2 15
e 10 11 2 16
e 10 14 1 17
e 11 12 2 18
e 12 13 6 19
e 17 19 9 20
e 17 18 9 21
t # 145
v 0 2
v 1 2
v 2 6
v 3 2
v 4 2
v 5 2
v 6 2
v 7 2
v 8 2
v 9 5
v 10 6
v 11 6
e 0 1 2 0
e 1 2 6 1
e 2 3 10 2
e 3 8 2 3
e 3 4 2 4
e 4 5 2 5
e 5 6 2 6
e 6 7 2 7
e 7 8 2 8
e 8 9 5 9
e 9 11 9 10
e 9 10 9 11
t # 146
v 0 2
v 1 2
v 2 2
v 3 2
v 4 2
v 5 2
v 6 1
v 7 5
v 8 6
v 9 6
v 10 1
e 0 5 2 0
e 0 1 2 1
e 1 2 2 2
e 2 3 2 3
e 2 10 1 4
e 3 7 5 5
e 3 4 2 6
e 4 5 2 7
e 5 6 1 8
e 7 8 9 9
e 7 9 9 10
t # 147
v 0 2
v 1 2
v 2 5
v 3 2
v 4 2
v 5 2
v 6 2
v 7 2
v 8 2
v 9 5
v 10 5
v 11 6
v 12 6
e 0 1 2 0
e 1 2 5 1
e 1 9 5 2
e 2 3 7 3
e 3 8 2 4
e 3 4 2 5
e 4 5 2 6
e 5 6 2 7
e 5 10 5 8
e 6 7 2 9
e 7 8 2 10
e 8 9 5 11
e 10 11 9 12
e 10 12 9 13
t # 148
v 0 2
v 1 5
v 2 2
v 3 2
v 4 2
v 5 2
v 6 2
v 7 2
v 8 2
v 9 5
v 10 5
v 11 6
v 12 6
e 0 1 5 0
e 1 2 7 1
e 1 9 8 2
e 2 7 2 3
e 2 3 2 4
e 3 4 2 5
e 4 5 2 6
e 4 10 5 7
e 5 6 2 8
e 6 7 2 9
e 7 8 2 10
e 8 9 5 11
e 10 11 9 12
e 10 12 9 13
t # 149
v 0 2
v 1 2
v 2 5
v 3 2
v 4 2
v 5 5
v 6 2
v 7 2
v 8 6
v 9 5
v 10 6
v 11 6
e 0 1 2 0
e 1 2 5 1
e 1 5 5 2
e 2 3 7 3
e 3 4 2 4
e 4 5 5 5
e 4 9 5 6
e 5 6 7 7
e 6 7 2 8
e 7 8 6 9
e 9 11 9 10
e 9 10 9 11
t # 150
v 0 2
v 1 2
v 2 2
v 3 2
v 4 5
v 5 2
v 6 5
v 7 5
v 8 6
v 9 6
v 10 2
v 11 2
e 0 11 2 0
e 0 1 2 1
e 1 2 2 2
e 2 6 5 3
e 2 3 2 4
e 3 10 2 5
e 3 4 5 6
e 4 5 7 7
e 5 6 5 8
e 5 7 5 9
e 7 8 9 10
e 7 9 9 11
e 10 11 2 12
t # 151
v 0 2
v 1 6
v 2 2
v 3 2
v 4 2
v 5 2
v 6 2
v 7 2
v 8 5
v 9 6
v 10 6
v 11 5
v 12 6
v 13 6
e 0 1 6 0
e 1 2 10 1
e 2 7 2 2
e 2 3 2 3
e 3 4 2 4
e 4 5 2 5
e 5 11 5 6
e 5 6 2 7
e 6 7 2 8
e 7 8 5 9
e 8 10 9 10
e 8 9 9 11
e 11 12 9 12
e 11 13 9 13
t # 152
v 0 2
v 1 2
v 2 2
v 3 2
v 4 2
v 5 2
v 6 5
v 7 6
v 8 6
v 9 5
v 10 2
v 11 2
e 0 5 2 0
e 0 1 2 1
e 1 2 2 2
e 2 11 2 3
e 2 3 2 4
e 3 9 5 5
e 3 4 2 6
e 4 5 2 7
e 5 6 5 8
e 6 8 9 9
e 6 7 9 10
e 9 10 7 11
e 10 11 2 12
t # 153
v 0 2
v 1 2
v 2 2
v 3 2
v 4 2
v 5 2
v 6 5
v 7 6
v 8 6
v 9 5
v 10 0
v 11 5
v 12 6
v 13 6
e 0 5 2 0
e 0 1 2 1
e 1 11 5 2
e 1 2 2 3
e 2 3 2 4
e 3 10 0 5
e 3 4 2 6
e 4 5 2 7
e 4 9 5 8
e 5 6 5 9
e 6 8 9 10
e 6 7 9 11
e 11 12 9 12
e 11 13 9 13
t # 154
v 0 2
v 1 6
v 2 2
v 3 2
v 4 2
v 5 2
v 6 2
v 7 2
v 8 5
v 9 6
v 10 6
e 0 1 6 0
e 1 2 10 1
e 2 7 2 2
e 2 3 2 3
e 3 4 2 4
e 4 5 2 5
e 5 8 5 6
e 5 6 2 7
e 6 7 2 8
e 8 10 9 9
e 8 9 9 10
t # 155
v 0 2
v 1 2
v 2 2
v 3 2
v 4 2
v 5 2
v 6 1
v 7 1
v 8 6
v 9 2
v 10 2
v 11 2
v 12 2
v 13 2
v 14 2
v 15 1
v 16 1
v 17 5
v 18 6
v 19 6
v 20 1
v 21 6
e 0 5 2 0
e 0 1 2 1
e 1 2 2 2
e 1 21 6 3
e 2 8 6 4
e 2 3 2 5
e 3 4 2 6
e 4 5 2 7
e 4 7 1 8
e 5 6 1 9
e 8 9 10 10
e 9 14 2 11
e 9 10 2 12
e 10 11 2 13
e 10 21 6 14
e 11 12 2 15
e 11 20 1 16
e 12 13 2 17
e 12 17 5 18
e 13 16 1 19
e 13 14 2 20
e 14 15 1 21
e 17 19 9 22
e 17 18 9 23
t # 156
v 0 2
v 1 2
v 2 2
v 3 2
v 4 2
v 5 2
v 6 2
v 7 2
v 8 2
v 9 6
v 10 2
v 11 2
v 12 2
v 13 2
v 14 2
v 15 2
v 16 5
v 17 6
v 18 6
v 19 5
v 20 6
v 21 6
e 0 5 2 0
e 0 1 2 1
e 1 2 2 2
e 2 19 5 3
e 2 3 2 4
e 3 4 2 5
e 4 5 2 6
e 5 6 2 7
e 6 7 2 8
e 7 8 2 9
e 8 10 2 10
e 8 9 6 11
e 10 11 2 12
e 10 15 2 13
e 11 12 2 14
e 12 13 2 15
e 13 16 5 16
e 13 14 2 17
e 14 15 2 18
e 16 17 9 19
e 16 18 9 20
e 19 20 9 21
e 19 21 9 22
t # 157
v 0 2
v 1 2
v 2 2
v 3 2
v 4 2
v 5 2
v 6 5
v 7 5
v 8 6
v 9 6
v 10 5
e 0 5 2 0
e 0 1 2 1
e 1 2 2 2
e 2 3 2 3
e 2 10 5 4
e 3 7 5 5
e 3 4 2 6
e 4 5 2 7
e 4 6 5 8
e 7 8 9 9
e 7 9 9 10
t # 158
v 0 2
v 1 2
v 2 2
v 3 2
v 4 2
v 5 2
v 6 5
v 7 5
v 8 6
v 9 6
v 10 5
e 0 5 2 0
e 0 1 2 1
e 1 2 2 2
e 2 3 2 3
e 2 10 5 4
e 3 7 5 5
e 3 4 2 6
e 4 5 2 7
e 5 6 5 8
e 7 8 9 9
e 7 9 9 10
t # 159
v 0 2
v 1 2
v 2 2
v 3 2
v 4 2
v 5 2
v 6 2
v 7 2
v 8 2
v 9 2
v 10 5
v 11 5
v 12 6
v 13 6
e 0 1 2 0
e 1 2 2 1
e 1 10 5 2
e 2 3 2 3
e 3 4 2 4
e 4 5 2 5
e 4 9 2 6
e 5 6 2 7
e 6 7 2 8
e 7 8 2 9
e 8 11 5 10
e 8 9 2 11
e 9 10 5 12
e 11 12 9 13
e 11 13 9 14
t # 160
v 0 2
v 1 2
v 2 2
v 3 2
v 4 2
v 5 2
v 6 3
v 7 5
v 8 6
v 9 6
v 10 5
v 11 6
v 12 6
e 0 5 2 0
e 0 1 2 1
e 1 2 2 2
e 2 3 2 3
e 2 10 5 4
e 3 7 5 5
e 3 4 2 6
e 4 5 2 7
e 5 6 3 8
e 7 8 9 9
e 7 9 9 10
e 10 11 9 11
e 10 12 9 12
t # 161
v 0 2
v 1 2
v 2 2
v 3 2
v 4 2
v 5 2
v 6 5
v 7 6
v 8 6
v 9 2
v 10 2
v 11 5
e 0 5 2 0
e 0 1 2 1
e 1 2 2 2
e 2 11 5 3
e 2 3 2 4
e 3 9 2 5
e 3 4 2 6
e 4 5 2 7
e 5 6 5 8
e 6 8 9 9
e 6 7 9 10
e 9 10 2 11
e 10 11 5 12
t # 162
v 0 2
v 1 2
v 2 2
v 3 2
v 4 5
v 5 2
v 6 2
v 7 2
v 8 2
v 9 2
v 10 2
v 11 2
v 12 2
v 13 5
v 14 6
v 15 6
e 0 12 2 0
e 0 1 2 1
e 1 2 2 2
e 2 3 2 3
e 3 11 2 4
e 3 4 5 5
e 4 5 7 6
e 5 6 2 7
e 5 10 2 8
e 6 7 2 9
e 7 8 2 10
e 8 13 5 11
e 8 9 2 12
e 9 10 2 13
e 10 11 2 14
e 11 12 2 15
e 13 15 9 16
e 13 14 9 17
t # 163
v 0 2
v 1 2
v 2 2
v 3 2
v 4 2
v 5 2
v 6 2
v 7 2
v 8 5
v 9 2
v 10 5
v 11 6
v 12 6
e 0 1 2 0
e 0 9 2 1
e 1 2 2 2
e 2 7 2 3
e 2 3 2 4
e 3 4 2 5
e 4 5 2 6
e 4 10 5 7
e 5 6 2 8
e 6 7 2 9
e 7 8 5 10
e 8 9 7 11
e 10 11 9 12
e 10 12 9 13
t # 164
v 0 2
v 1 2
v 2 2
v 3 2
v 4 2
v 5 2
v 6 5
v 7 2
v 8 2
v 9 2
v 10 5
v 11 6
v 12 6
e 0 1 2 0
e 0 9 2 1
e 1 2 2 2
e 2 7 2 3
e 2 3 2 4
e 3 4 2 5
e 4 5 2 6
e 5 6 5 7
e 6 7 7 8
e 7 8 2 9
e 8 10 5 10
e 8 9 2 11
e 10 11 9 12
e 10 12 9 13
t # 165
v 0 2
v 1 2
v 2 2
v 3 2
v 4 2
v 5 2
v 6 2
v 7 2
v 8 2
v 9 2
v 10 5
v 11 6
v 12 6
e 0 1 2 0
e 0 9 2 1
e 1 2 2 2
e 2 3 2 3
e 3 8 2 4
e 3 4 2 5
e 4 5 2 6
e 5 6 2 7
e 5 10 5 8
e 6 7 2 9
e 7 8 2 10
e 8 9 2 11
e 10 11 9 12
e 10 12 9 13
t # 166
v 0 2
v 1 2
v 2 2
v 3 2
v 4 2
v 5 2
v 6 2
v 7 2
v 8 2
v 9 2
v 10 2
v 11 5
v 12 6
v 13 6
e 0 1 2 0
e 1 2 2 1
e 1 10 2 2
e 2 3 2 3
e 3 8 2 4
e 3 4 2 5
e 4 5 2 6
e 5 6 2 7
e 6 7 2 8
e 7 8 2 9
e 8 9 2 10
e 9 10 2 11
e 10 11 5 12
e 11 12 9 13
e 11 13 9 14
t # 167
v 0 2
v 1 2
v 2 2
v 3 2
v 4 2
v 5 2
v 6 2
v 7 2
v 8 2
v 9 2
v 10 2
v 11 2
v 12 5
v 13 6
v 14 6
e 0 5 2 0
e 0 1 2 1
e 1 2 2 2
e 2 3 2 3
e 3 6 2 4
e 3 4 2 5
e 4 5 2 6
e 6 11 2 7
e 6 7 2 8
e 7 8 2 9
e 8 9 2 10
e 9 12 5 11
e 9 10 2 12
e 10 11 2 13
e 12 13 9 14
e 12 14 9 15
t # 168
v 0 2
v 1 6
v 2 2
v 3 2
v 4 2
v 5 2
v 6 2
v 7 2
v 8 5
v 9 2
v 10 2
v 11 2
v 12 5
v 13 6
v 14 6
e 0 1 6 0
e 1 2 10 1
e 2 11 2 2
e 2 3 2 3
e 3 4 2 4
e 4 5 2 5
e 4 9 2 6
e 5 6 2 7
e 6 7 2 8
e 7 8 5 9
e 8 9 7 10
e 9 10 2 11
e 10 11 2 12
e 10 12 5 13
e 12 13 9 14
e 12 14 9 15
t # 169
v 0 2
v 1 2
v 2 2
v 3 2
v 4 2
v 5 2
v 6 2
v 7 5
v 8 2
v 9 2
v 10 5
v 11 6
v 12 6
e 0 1 2 0
e 0 9 2 1
e 1 2 2 2
e 2 7 5 3
e 2 3 2 4
e 3 8 2 5
e 3 4 2 6
e 4 5 2 7
e 5 6 2 8
e 6 7 5 9
e 8 10 5 10
e 8 9 2 11
e 10 11 9 12
e 10 12 9 13
t # 170
v 0 2
v 1 2
v 2 2
v 3 2
v 4 2
v 5 2
v 6 2
v 7 2
v 8 2
v 9 2
v 10 5
v 11 6
v 12 6
e 0 5 2 0
e 0 1 2 1
e 1 2 2 2
e 2 3 2 3
e 3 9 2 4
e 3 4 2 5
e 4 5 2 6
e 4 6 2 7
e 6 7 2 8
e 7 8 2 9
e 8 9 2 10
e 9 10 5 11
e 10 11 9 12
e 10 12 9 13
t # 171
v 0 2
v 1 5
v 2 2
v 3 2
v 4 2
v 5 2
v 6 2
v 7 2
v 8 2
v 9 5
v 10 5
v 11 6
v 12 6
e 0 1 5 0
e 1 2 7 1
e 1 9 8 2
e 2 3 2 3
e 3 8 2 4
e 3 4 2 5
e 4 5 2 6
e 5 6 2 7
e 5 10 5 8
e 6 7 2 9
e 7 8 2 10
e 8 9 5 11
e 10 11 9 12
e 10 12 9 13
t # 172
v 0 2
v 1 2
v 2 2
v 3 2
v 4 2
v 5 2
v 6 2
v 7 2
v 8 2
v 9 2
v 10 2
v 11 5
v 12 6
v 13 6
e 0 1 2 0
e 1 2 2 1
e 1 10 2 2
e 2 7 2 3
e 2 3 2 4
e 3 4 2 5
e 4 5 2 6
e 5 6 2 7
e 6 7 2 8
e 7 8 2 9
e 8 9 2 10
e 9 10 2 11
e 10 11 5 12
e 11 12 9 13
e 11 13 9 14
t # 173
v 0 2
v 1 2
v 2 2
v 3 2
v 4 2
v 5 2
v 6 3
v 7 5
v 8 6
v 9 6
v 10 3
e 0 5 2 0
e 0 1 2 1
e 1 2 2 2
e 2 3 2 3
e 2 10 3 4
e 3 7 5 5
e 3 4 2 6
e 4 5 2 7
e 5 6 3 8
e 7 8 9 9
e 7 9 9 10
t # 174
v 0 2
v 1 2
v 2 2
v 3 2
v 4 2
v 5 2
v 6 5
v 7 6
v 8 6
v 9 6
v 10 5
e 0 5 2 0
e 0 1 2 1
e 1 2 2 2
e 2 3 2 3
e 2 10 5 4
e 3 4 2 5
e 3 9 6 6
e 4 5 2 7
e 5 6 5 8
e 6 8 9 9
e 6 7 9 10
t # 175
v 0 2
v 1 2
v 2 2
v 3 2
v 4 2
v 5 2
v 6 2
v 7 2
v 8 2
v 9 2
v 10 5
v 11 6
v 12 6
v 13 5
v 14 6
v 15 6
e 0 5 2 0
e 0 1 2 1
e 1 2 2 2
e 2 3 2 3
e 3 9 2 4
e 3 4 2 5
e 4 5 2 6
e 4 6 2 7
e 6 7 2 8
e 7 8 2 9
e 7 13 5 10
e 8 9 2 11
e 9 10 5 12
e 10 11 9 13
e 10 12 9 14
e 13 15 9 15
e 13 14 9 16
t # 176
v 0 2
v 1 2
v 2 2
v 3 2
v 4 2
v 5 2
v 6 5
v 7 6
v 8 6
v 9 2
v 10 2
v 11 2
v 12 2
v 13 2
v 14 2
v 15 5
e 0 5 2 0
e 0 1 2 1
e 1 2 2 2
e 2 3 2 3
e 2 9 2 4
e 3 4 2 5
e 4 5 2 6
e 4 6 5 7
e 6 8 9 8
e 6 7 9 9
e 9 14 2 10
e 9 10 2 11
e 10 11 2 12
e 11 12 2 13
e 12 13 2 14
e 12 15 5 15
e 13 14 2 16
t # 177
v 0 2
v 1 2
v 2 2
v 3 2
v 4 2
v 5 2
v 6 5
v 7 6
v 8 6
v 9 2
v 10 6
v 11 2
v 12 6
v 13 5
e 0 5 2 0
e 0 1 2 1
e 1 2 2 2
e 2 13 5 3
e 2 3 2 4
e 3 9 2 5
e 3 4 2 6
e 4 5 2 7
e 5 6 5 8
e 6 8 9 9
e 6 7 9 10
e 9 11 2 11
e 9 10 6 12
e 11 12 6 13
e 11 13 5 14
t # 178
v 0 2
v 1 2
v 2 2
v 3 2
v 4 2
v 5 2
v 6 2
v 7 2
v 8 2
v 9 2
v 10 2
v 11 2
v 12 5
v 13 5
v 14 6
v 15 6
e 0 5 2 0
e 0 1 2 1
e 1 2 2 2
e 2 3 2 3
e 3 13 5 4
e 3 4 2 5
e 4 5 2 6
e 4 6 2 7
e 6 11 2 8
e 6 7 2 9
e 7 8 2 10
e 8 9 2 11
e 9 10 2 12
e 10 11 2 13
e 10 12 5 14
e 13 15 9 15
e 13 14 9 16
t # 179
v 0 2
v 1 2
v 2 2
v 3 2
v 4 2
v 5 2
v 6 5
v 7 6
v 8 6
v 9 1
e 0 5 2 0
e 0 1 2 1
e 1 2 2 2
e 2 3 2 3
e 3 4 2 4
e 3 9 1 5
e 4 5 2 6
e 4 6 5 7
e 6 8 9 8
e 6 7 9 9
t # 180
v 0 2
v 1 2
v 2 2
v 3 2
v 4 2
v 5 2
v 6 2
v 7 2
v 8 2
v 9 2
v 10 2
v 11 2
v 12 5
v 13 6
v 14 6
v 15 5
e 0 5 2 0
e 0 1 2 1
e 1 2 2 2
e 2 3 2 3
e 3 15 5 4
e 3 4 2 5
e 4 5 2 6
e 4 6 2 7
e 6 11 2 8
e 6 7 2 9
e 7 8 2 10
e 8 9 2 11
e 9 10 2 12
e 10 11 2 13
e 10 12 5 14
e 12 13 9 15
e 12 14 9 16
t # 181
v 0 2
v 1 2
v 2 2
v 3 2
v 4 2
v 5 2
v 6 2
v 7 2
v 8 2
v 9 2
v 10 2
v 11 2
v 12 2
v 13 5
v 14 6
v 15 6
e 0 1 2 0
e 1 2 2 1
e 1 6 2 2
e 2 3 2 3
e 3 4 2 4
e 4 5 2 5
e 5 6 2 6
e 6 7 2 7
e 7 8 2 8
e 7 12 2 9
e 8 9 2 10
e 9 10 2 11
e 10 11 2 12
e 10 13 5 13
e 11 12 2 14
e 13 15 9 15
e 13 14 9 16
t # 182
v 0 2
v 1 2
v 2 2
v 3 2
v 4 2
v 5 2
v 6 2
v 7 5
v 8 6
v 9 6
v 10 2
v 11 2
v 12 2
v 13 2
v 14 2
v 15 2
e 0 1 2 0
e 1 2 2 1
e 1 6 2 2
e 2 3 2 3
e 3 10 2 4
e 3 4 2 5
e 4 5 2 6
e 5 6 2 7
e 6 7 5 8
e 7 8 9 9
e 7 9 9 10
e 10 11 2 11
e 10 15 2 12
e 11 12 2 13
e 12 13 2 14
e 13 14 2 15
e 14 15 2 16
t # 183
v 0 2
v 1 2
v 2 2
v 3 2
v 4 2
v 5 2
v 6 2
v 7 2
v 8 5
v 9 6
v 10 6
e 0 1 2 0
e 1 2 2 1
e 2 7 2 2
e 2 3 2 3
e 3 4 2 4
e 4 5 2 5
e 5 8 5 6
e 5 6 2 7
e 6 7 2 8
e 8 10 9 9
e 8 9 9 10
t # 184
v 0 2
v 1 2
v 2 6
v 3 2
v 4 2
v 5 2
v 6 2
v 7 2
v 8 2
v 9 5
v 10 6
v 11 6
e 0 1 2 0
e 1 2 6 1
e 1 3 2 2
e 3 8 2 3
e 3 4 2 4
e 4 5 2 5
e 5 6 2 6
e 6 7 2 7
e 6 9 5 8
e 7 8 2 9
e 9 11 9 10
e 9 10 9 11
t # 185
v 0 2
v 1 5
v 2 2
v 3 2
v 4 2
v 5 2
v 6 2
v 7 2
v 8 5
v 9 6
v 10 6
v 11 2
v 12 5
e 0 1 5 0
e 1 12 8 1
e 1 2 7 2
e 2 7 2 3
e 2 3 2 4
e 3 11 2 5
e 3 4 2 6
e 4 5 2 7
e 5 6 2 8
e 6 7 2 9
e 7 8 5 10
e 8 10 9 11
e 8 9 9 12
e 11 12 5 13
t # 186
v 0 2
v 1 2
v 2 2
v 3 2
v 4 5
v 5 2
v 6 2
v 7 2
v 8 2
v 9 2
v 10 5
v 11 6
v 12 6
e 0 1 2 0
e 0 9 2 1
e 1 2 2 2
e 2 7 2 3
e 2 3 2 4
e 3 4 5 5
e 4 5 7 6
e 5 6 2 7
e 6 7 2 8
e 7 8 2 9
e 8 10 5 10
e 8 9 2 11
e 10 11 9 12
e 10 12 9 13
t # 187
v 0 2
v 1 2
v 2 2
v 3 5
v 4 2
v 5 5
v 6 2
v 7 2
v 8 2
v 9 5
v 10 6
v 11 6
e 0 8 2 0
e 0 1 2 1
e 1 2 2 2
e 2 6 2 3
e 2 3 5 4
e 3 4 7 5
e 4 5 5 6
e 5 6 7 7
e 6 7 2 8
e 7 8 2 9
e 8 9 5 10
e 9 11 9 11
e 9 10 9 12
